-3.530000000000000e+002 0.000000000000000e+000
-3.520000000000000e+002 0.000000000000000e+000
-3.510000000000000e+002 0.000000000000000e+000
-3.500000000000000e+002 0.000000000000000e+000
-3.490000000000000e+002 0.000000000000000e+000
-3.480000000000000e+002 0.000000000000000e+000
-3.470000000000000e+002 0.000000000000000e+000
-3.460000000000000e+002 0.000000000000000e+000
-3.450000000000000e+002 0.000000000000000e+000
-3.440000000000000e+002 0.000000000000000e+000
-3.430000000000000e+002 0.000000000000000e+000
-3.420000000000000e+002 0.000000000000000e+000
-3.410000000000000e+002 0.000000000000000e+000
-3.400000000000000e+002 0.000000000000000e+000
-3.390000000000000e+002 0.000000000000000e+000
-3.380000000000000e+002 0.000000000000000e+000
-3.370000000000000e+002 0.000000000000000e+000
-3.360000000000000e+002 0.000000000000000e+000
-3.350000000000000e+002 0.000000000000000e+000
-3.340000000000000e+002 0.000000000000000e+000
-3.330000000000000e+002 0.000000000000000e+000
-3.320000000000000e+002 0.000000000000000e+000
-3.310000000000000e+002 0.000000000000000e+000
-3.300000000000000e+002 0.000000000000000e+000
-3.290000000000000e+002 0.000000000000000e+000
-3.280000000000000e+002 0.000000000000000e+000
-3.270000000000000e+002 0.000000000000000e+000
-3.260000000000000e+002 0.000000000000000e+000
-3.250000000000000e+002 0.000000000000000e+000
-3.240000000000000e+002 0.000000000000000e+000
-3.230000000000000e+002 0.000000000000000e+000
-3.220000000000000e+002 0.000000000000000e+000
-3.210000000000000e+002 0.000000000000000e+000
-3.200000000000000e+002 0.000000000000000e+000
-3.190000000000000e+002 0.000000000000000e+000
-3.180000000000000e+002 0.000000000000000e+000
-3.170000000000000e+002 0.000000000000000e+000
-3.160000000000000e+002 0.000000000000000e+000
-3.150000000000000e+002 0.000000000000000e+000
-3.140000000000000e+002 0.000000000000000e+000
-3.130000000000000e+002 0.000000000000000e+000
-3.120000000000000e+002 0.000000000000000e+000
-3.110000000000000e+002 0.000000000000000e+000
-3.100000000000000e+002 0.000000000000000e+000
-3.090000000000000e+002 0.000000000000000e+000
-3.080000000000000e+002 0.000000000000000e+000
-3.070000000000000e+002 0.000000000000000e+000
-3.060000000000000e+002 0.000000000000000e+000
-3.050000000000000e+002 0.000000000000000e+000
-3.040000000000000e+002 0.000000000000000e+000
-3.030000000000000e+002 0.000000000000000e+000
-3.020000000000000e+002 0.000000000000000e+000
-3.010000000000000e+002 0.000000000000000e+000
-3.000000000000000e+002 0.000000000000000e+000
-2.990000000000000e+002 0.000000000000000e+000
-2.980000000000000e+002 0.000000000000000e+000
-2.970000000000000e+002 0.000000000000000e+000
-2.960000000000000e+002 0.000000000000000e+000
-2.950000000000000e+002 0.000000000000000e+000
-2.940000000000000e+002 0.000000000000000e+000
-2.930000000000000e+002 0.000000000000000e+000
-2.920000000000000e+002 0.000000000000000e+000
-2.910000000000000e+002 0.000000000000000e+000
-2.900000000000000e+002 0.000000000000000e+000
-2.890000000000000e+002 0.000000000000000e+000
-2.880000000000000e+002 0.000000000000000e+000
-2.870000000000000e+002 0.000000000000000e+000
-2.860000000000000e+002 0.000000000000000e+000
-2.850000000000000e+002 0.000000000000000e+000
-2.840000000000000e+002 0.000000000000000e+000
-2.830000000000000e+002 0.000000000000000e+000
-2.820000000000000e+002 0.000000000000000e+000
-2.810000000000000e+002 0.000000000000000e+000
-2.800000000000000e+002 0.000000000000000e+000
-2.790000000000000e+002 0.000000000000000e+000
-2.780000000000000e+002 0.000000000000000e+000
-2.770000000000000e+002 0.000000000000000e+000
-2.760000000000000e+002 0.000000000000000e+000
-2.750000000000000e+002 0.000000000000000e+000
-2.740000000000000e+002 0.000000000000000e+000
-2.730000000000000e+002 0.000000000000000e+000
-2.720000000000000e+002 0.000000000000000e+000
-2.710000000000000e+002 0.000000000000000e+000
-2.700000000000000e+002 0.000000000000000e+000
-2.690000000000000e+002 0.000000000000000e+000
-2.680000000000000e+002 0.000000000000000e+000
-2.670000000000000e+002 0.000000000000000e+000
-2.660000000000000e+002 0.000000000000000e+000
-2.650000000000000e+002 0.000000000000000e+000
-2.640000000000000e+002 0.000000000000000e+000
-2.630000000000000e+002 0.000000000000000e+000
-2.620000000000000e+002 0.000000000000000e+000
-2.610000000000000e+002 0.000000000000000e+000
-2.600000000000000e+002 0.000000000000000e+000
-2.590000000000000e+002 0.000000000000000e+000
-2.580000000000000e+002 0.000000000000000e+000
-2.570000000000000e+002 0.000000000000000e+000
-2.560000000000000e+002 0.000000000000000e+000
-2.550000000000000e+002 0.000000000000000e+000
-2.540000000000000e+002 0.000000000000000e+000
-2.530000000000000e+002 0.000000000000000e+000
-2.520000000000000e+002 0.000000000000000e+000
-2.510000000000000e+002 0.000000000000000e+000
-2.500000000000000e+002 0.000000000000000e+000
-2.490000000000000e+002 0.000000000000000e+000
-2.480000000000000e+002 0.000000000000000e+000
-2.470000000000000e+002 0.000000000000000e+000
-2.460000000000000e+002 0.000000000000000e+000
-2.450000000000000e+002 0.000000000000000e+000
-2.440000000000000e+002 0.000000000000000e+000
-2.430000000000000e+002 0.000000000000000e+000
-2.420000000000000e+002 0.000000000000000e+000
-2.410000000000000e+002 0.000000000000000e+000
-2.400000000000000e+002 0.000000000000000e+000
-2.390000000000000e+002 0.000000000000000e+000
-2.380000000000000e+002 0.000000000000000e+000
-2.370000000000000e+002 0.000000000000000e+000
-2.360000000000000e+002 0.000000000000000e+000
-2.350000000000000e+002 0.000000000000000e+000
-2.340000000000000e+002 0.000000000000000e+000
-2.330000000000000e+002 0.000000000000000e+000
-2.320000000000000e+002 0.000000000000000e+000
-2.310000000000000e+002 0.000000000000000e+000
-2.300000000000000e+002 0.000000000000000e+000
-2.290000000000000e+002 0.000000000000000e+000
-2.280000000000000e+002 0.000000000000000e+000
-2.270000000000000e+002 0.000000000000000e+000
-2.260000000000000e+002 0.000000000000000e+000
-2.250000000000000e+002 0.000000000000000e+000
-2.240000000000000e+002 0.000000000000000e+000
-2.230000000000000e+002 9.475808082647572e-004
-2.220000000000000e+002 3.808472164679521e-003
-2.210000000000000e+002 1.038733106015086e-002
-2.200000000000000e+002 2.581970943261755e-002
-2.190000000000000e+002 5.459174231336401e-002
-2.180000000000000e+002 1.012490773630851e-001
-2.170000000000000e+002 1.743253425003181e-001
-2.160000000000000e+002 2.852743410500420e-001
-2.150000000000000e+002 4.384768483258615e-001
-2.140000000000000e+002 6.531341463110267e-001
-2.130000000000000e+002 9.464639668763629e-001
-2.120000000000000e+002 1.330048476346174e+000
-2.110000000000000e+002 1.826055384923437e+000
-2.100000000000000e+002 2.459834383568807e+000
-2.090000000000000e+002 3.249155709761316e+000
-2.080000000000000e+002 4.215014910913852e+000
-2.070000000000000e+002 5.369353395956997e+000
-2.060000000000000e+002 6.729091818950240e+000
-2.050000000000000e+002 8.297427600936190e+000
-2.040000000000000e+002 1.007036568433714e+001
-2.030000000000000e+002 1.203704553608280e+001
-2.020000000000000e+002 1.418706766111803e+001
-2.010000000000000e+002 1.649568580649693e+001
-2.000000000000000e+002 1.893340747094530e+001
-1.990000000000000e+002 2.146905900121738e+001
-1.980000000000000e+002 2.406837202578023e+001
-1.970000000000000e+002 2.669626540711620e+001
-1.960000000000000e+002 2.933221942484611e+001
-1.950000000000000e+002 3.196769340061296e+001
-1.940000000000000e+002 3.460256975220904e+001
-1.930000000000000e+002 3.723221726894801e+001
-1.920000000000000e+002 3.988700028130870e+001
-1.910000000000000e+002 4.258653465020446e+001
-1.900000000000000e+002 4.535992333978615e+001
-1.890000000000000e+002 4.824941364386535e+001
-1.880000000000000e+002 5.128144980292714e+001
-1.870000000000000e+002 5.448955030020358e+001
-1.860000000000000e+002 5.788808442753772e+001
-1.850000000000000e+002 6.150708928563633e+001
-1.840000000000000e+002 6.534729653664748e+001
-1.830000000000000e+002 6.939391893259857e+001
-1.820000000000000e+002 7.365429952231264e+001
-1.810000000000000e+002 7.810793156484284e+001
-1.800000000000000e+002 8.270379456272808e+001
-1.790000000000000e+002 8.750410248826472e+001
-1.780000000000000e+002 9.250631610564025e+001
-1.770000000000000e+002 9.774285900919892e+001
-1.760000000000000e+002 1.032992899215153e+002
-1.750000000000000e+002 1.092152191976278e+002
-1.740000000000000e+002 1.156008507274834e+002
-1.730000000000000e+002 1.225033524848773e+002
-1.720000000000000e+002 1.299903642485673e+002
-1.710000000000000e+002 1.381078980211416e+002
-1.700000000000000e+002 1.468470643494729e+002
-1.690000000000000e+002 1.561763204890129e+002
-1.680000000000000e+002 1.659933742968125e+002
-1.670000000000000e+002 1.761633340274212e+002
-1.660000000000000e+002 1.865342049069678e+002
-1.650000000000000e+002 1.968760827647226e+002
-1.640000000000000e+002 2.069800438086372e+002
-1.630000000000000e+002 2.166130737449415e+002
-1.620000000000000e+002 2.255674247291819e+002
-1.610000000000000e+002 2.336415949512443e+002
-1.600000000000000e+002 2.406906246240430e+002
-1.590000000000000e+002 2.466074670671489e+002
-1.580000000000000e+002 2.513279552961071e+002
-1.570000000000000e+002 2.548417443921752e+002
-1.560000000000000e+002 2.572000329343409e+002
-1.550000000000000e+002 2.584510296322747e+002
-1.540000000000000e+002 2.586837325489258e+002
-1.530000000000000e+002 2.580159295535780e+002
-1.520000000000000e+002 2.565630878779498e+002
-1.510000000000000e+002 2.544280400770901e+002
-1.500000000000000e+002 2.517255585407449e+002
-1.490000000000000e+002 2.485486081191076e+002
-1.480000000000000e+002 2.449744317651297e+002
-1.470000000000000e+002 2.410711867144898e+002
-1.460000000000000e+002 2.368979504038397e+002
-1.450000000000000e+002 2.325026673413195e+002
-1.440000000000000e+002 2.278998501999676e+002
-1.430000000000000e+002 2.231208973078819e+002
-1.420000000000000e+002 2.182006273069301e+002
-1.410000000000000e+002 2.131456278330622e+002
-1.400000000000000e+002 2.079742434747221e+002
-1.390000000000000e+002 2.027447507081341e+002
-1.380000000000000e+002 1.974069780981429e+002
-1.370000000000000e+002 1.920060689283028e+002
-1.360000000000000e+002 1.865619158600433e+002
-1.350000000000000e+002 1.810703660917482e+002
-1.340000000000000e+002 1.755816880808497e+002
-1.330000000000000e+002 1.700779346009713e+002
-1.320000000000000e+002 1.646046874599585e+002
-1.310000000000000e+002 1.591919311775857e+002
-1.300000000000000e+002 1.538510218148300e+002
-1.290000000000000e+002 1.486133103378296e+002
-1.280000000000000e+002 1.434842187777697e+002
-1.270000000000000e+002 1.384884617145449e+002
-1.260000000000000e+002 1.336492442062048e+002
-1.250000000000000e+002 1.289562847531720e+002
-1.240000000000000e+002 1.244155877575093e+002
-1.230000000000000e+002 1.200338347541615e+002
-1.220000000000000e+002 1.158128319611427e+002
-1.210000000000000e+002 1.117326582882622e+002
-1.200000000000000e+002 1.078062185165682e+002
-1.190000000000000e+002 1.040182850403067e+002
-1.180000000000000e+002 1.003557116559587e+002
-1.170000000000000e+002 9.680608387020052e+001
-1.160000000000000e+002 9.337085811679265e+001
-1.150000000000000e+002 9.001019191174318e+001
-1.140000000000000e+002 8.674917161900129e+001
-1.130000000000000e+002 8.357491279569959e+001
-1.120000000000000e+002 8.047871393447993e+001
-1.110000000000000e+002 7.748048336998183e+001
-1.100000000000000e+002 7.458391220223398e+001
-1.090000000000000e+002 7.179244030238881e+001
-1.080000000000000e+002 6.913009581698741e+001
-1.070000000000000e+002 6.660145611994636e+001
-1.060000000000000e+002 6.422567060069730e+001
-1.050000000000000e+002 6.201149448685165e+001
-1.040000000000000e+002 5.997497931566556e+001
-1.030000000000000e+002 5.814384742088467e+001
-1.020000000000000e+002 5.653981217033824e+001
-1.010000000000000e+002 5.515291058738050e+001
-1.000000000000000e+002 5.398160273583009e+001
-9.900000000000000e+001 5.303590644048175e+001
-9.800000000000000e+001 5.228310568010767e+001
-9.700000000000000e+001 5.171449192295385e+001
-9.600000000000000e+001 5.129186628533030e+001
-9.500000000000000e+001 5.098671069358617e+001
-9.400000000000000e+001 5.074993179913371e+001
-9.300000000000000e+001 5.054867155689976e+001
-9.200000000000000e+001 5.034987296970462e+001
-9.100000000000000e+001 5.011005218015962e+001
-9.000000000000000e+001 4.978098615449247e+001
-8.900000000000000e+001 4.934566928543978e+001
-8.800000000000000e+001 4.878553288873750e+001
-8.700000000000000e+001 4.809920554839911e+001
-8.600000000000000e+001 4.728881513706508e+001
-8.500000000000000e+001 4.634481387886667e+001
-8.400000000000000e+001 4.528132137957755e+001
-8.300000000000000e+001 4.413600898054893e+001
-8.200000000000000e+001 4.290604826055140e+001
-8.100000000000000e+001 4.161022079139475e+001
-8.000000000000000e+001 4.027124468417784e+001
-7.900000000000000e+001 3.889354006661353e+001
-7.800000000000000e+001 3.750106952490517e+001
-7.700000000000000e+001 3.610487341416164e+001
-7.600000000000000e+001 3.471602801011373e+001
-7.500000000000000e+001 3.332855914888079e+001
-7.400000000000000e+001 3.196897380590321e+001
-7.300000000000000e+001 3.062764758858062e+001
-7.200000000000000e+001 2.931663777774390e+001
-7.100000000000000e+001 2.804666089363797e+001
-7.000000000000000e+001 2.681925840240732e+001
-6.900000000000000e+001 2.563969593293547e+001
-6.800000000000000e+001 2.451545363290211e+001
-6.700000000000000e+001 2.343694736093934e+001
-6.600000000000000e+001 2.240889266963071e+001
-6.500000000000000e+001 2.142410713152185e+001
-6.400000000000000e+001 2.047121139254868e+001
-6.300000000000000e+001 1.954177577017945e+001
-6.200000000000000e+001 1.861629967641278e+001
-6.100000000000000e+001 1.768143910583686e+001
-6.000000000000000e+001 1.674175677987121e+001
-5.900000000000000e+001 1.578817121165655e+001
-5.800000000000000e+001 1.481150862360317e+001
-5.700000000000000e+001 1.381624261307685e+001
-5.600000000000000e+001 1.280047116634747e+001
-5.500000000000000e+001 1.178471912312451e+001
-5.400000000000000e+001 1.076884442440671e+001
-5.300000000000000e+001 9.771191570878655e+000
-5.200000000000000e+001 8.797593291650232e+000
-5.100000000000000e+001 7.861405669354760e+000
-5.000000000000000e+001 6.973395312208333e+000
-4.900000000000000e+001 6.144036802176099e+000
-4.800000000000000e+001 5.383819846374933e+000
-4.700000000000000e+001 4.694876293015491e+000
-4.600000000000000e+001 4.077196841609572e+000
-4.500000000000000e+001 3.534558939749347e+000
-4.400000000000000e+001 3.063271490803084e+000
-4.300000000000000e+001 2.663264068588388e+000
-4.200000000000000e+001 2.320866413995665e+000
-4.100000000000000e+001 2.030095067768707e+000
-4.000000000000000e+001 1.789966036303239e+000
-3.900000000000000e+001 1.590546743851549e+000
-3.800000000000000e+001 1.423076543951369e+000
-3.700000000000000e+001 1.278640851047664e+000
-3.600000000000000e+001 1.158427906400241e+000
-3.500000000000000e+001 1.056910931825738e+000
-3.400000000000000e+001 9.711917360669136e-001
-3.300000000000000e+001 8.967134838452369e-001
-3.200000000000000e+001 8.330064221501903e-001
-3.100000000000000e+001 7.811064149494581e-001
-3.000000000000000e+001 7.356470055167705e-001
-2.900000000000000e+001 6.963939215933413e-001
-2.800000000000000e+001 6.625991529266232e-001
-2.700000000000000e+001 6.337085254889420e-001
-2.600000000000000e+001 6.093025132559452e-001
-2.500000000000000e+001 5.885003021884496e-001
-2.400000000000000e+001 5.711842137404152e-001
-2.300000000000000e+001 5.556858000325541e-001
-2.200000000000000e+001 5.418773698097110e-001
-2.100000000000000e+001 5.289032000955628e-001
-2.000000000000000e+001 2.831164603072897e+000
-1.900000000000000e+001 4.034744061689286e+000
-1.800000000000000e+001 5.762051713689897e+000
-1.700000000000000e+001 8.179442005652204e+000
-1.600000000000000e+001 1.147727669089178e+001
-1.500000000000000e+001 1.586186589272011e+001
-1.400000000000000e+001 2.154084210594836e+001
-1.300000000000000e+001 2.870100495258244e+001
-1.200000000000000e+001 3.748769288772488e+001
-1.100000000000000e+001 4.797327185772427e+001
-1.000000000000000e+001 6.012561955204232e+001
-9.000000000000000e+000 7.378320778775763e+001
-8.000000000000000e+000 8.863911293152501e+001
-7.000000000000000e+000 1.042355920624542e+002
-6.000000000000000e+000 1.199764544976630e+002
-5.000000000000000e+000 1.351597782497682e+002
-4.000000000000000e+000 1.490242001170577e+002
-3.000000000000000e+000 1.608117774980044e+002
-2.000000000000000e+000 1.698359409766905e+002
-1.000000000000000e+000 1.755470227839212e+002
0.000000000000000e+000 1.775884868823094e+002
1.000000000000000e+000 1.758329886694967e+002
2.000000000000000e+000 1.703973144065167e+002
3.000000000000000e+000 1.616286790231525e+002
4.000000000000000e+000 1.500690232650392e+002
5.000000000000000e+000 1.363987271009176e+002
6.000000000000000e+000 1.213720582400899e+002
7.000000000000000e+000 1.057479721849178e+002
8.000000000000000e+000 9.022931009155040e+001
9.000000000000000e+000 7.541397904782075e+001
1.000000000000000e+001 6.176359464935405e+001
1.100000000000000e+001 4.959070121948401e+001
1.200000000000000e+001 3.906148700121742e+001
1.300000000000000e+001 3.021361819171661e+001
1.400000000000000e+001 2.298083939465506e+001
1.500000000000000e+001 1.722262265193686e+001
1.600000000000000e+001 1.275358118730709e+001
1.700000000000000e+001 9.368680493101197e+000
1.800000000000000e+001 6.863928738089998e+000
1.900000000000000e+001 5.050338959504318e+000
2.000000000000000e+001 3.763184955780347e+000
2.100000000000000e+001 1.380497147626884e+000
2.200000000000000e+001 1.315603901507302e+000
2.300000000000000e+001 1.253088354206183e+000
2.400000000000000e+001 1.192382939637993e+000
2.500000000000000e+001 1.133890008091870e+000
2.600000000000000e+001 1.078084093203457e+000
2.700000000000000e+001 1.025280320632396e+000
2.800000000000000e+001 9.768478672005542e-001
2.900000000000000e+001 9.312388489996838e-001
3.000000000000000e+001 8.873219063345381e-001
3.100000000000000e+001 8.454350361241596e-001
3.200000000000000e+001 8.054448161309556e-001
3.300000000000000e+001 7.671719631400712e-001
3.400000000000000e+001 7.304607200206912e-001
3.500000000000000e+001 6.956599768616883e-001
3.600000000000000e+001 6.625328576838121e-001
3.700000000000000e+001 6.311156023283290e-001
3.800000000000000e+001 6.012687276730546e-001
3.900000000000000e+001 5.727131195376749e-001
4.000000000000000e+001 5.454693845268321e-001
4.100000000000000e+001 5.193996097840793e-001
4.200000000000000e+001 4.948927164846945e-001
4.300000000000000e+001 4.717028064607553e-001
4.400000000000000e+001 4.496853969263253e-001
4.500000000000000e+001 4.290091893419373e-001
4.600000000000000e+001 4.096788080367800e-001
4.700000000000000e+001 3.913737448151048e-001
4.800000000000000e+001 3.742006489244766e-001
4.900000000000000e+001 3.581892422223590e-001
5.000000000000000e+001 3.429960646663303e-001
5.100000000000000e+001 3.288833036149009e-001
5.200000000000000e+001 3.157479894415877e-001
5.300000000000000e+001 3.033749585479176e-001
5.400000000000000e+001 2.918561340262327e-001
5.500000000000000e+001 2.811445530424326e-001
5.600000000000000e+001 2.710667710380367e-001
5.700000000000000e+001 2.616382049030962e-001
5.800000000000000e+001 2.529808822980441e-001
5.900000000000000e+001 2.449948745361746e-001
6.000000000000000e+001 2.377615534109378e-001
6.100000000000000e+001 2.313004999565869e-001
6.200000000000000e+001 2.256370193142951e-001
6.300000000000000e+001 2.207862127469017e-001
6.400000000000000e+001 2.167761741035894e-001
6.500000000000000e+001 2.136386539371200e-001
6.600000000000000e+001 2.113980828569837e-001
6.700000000000000e+001 2.098956408576713e-001
6.800000000000000e+001 2.091011430390716e-001
6.900000000000000e+001 2.090095117496469e-001
7.000000000000000e+001 2.095291015542845e-001
7.100000000000000e+001 2.104527983310628e-001
7.200000000000000e+001 2.116147137746874e-001
7.300000000000000e+001 2.129022070381479e-001
7.400000000000000e+001 2.141551971042867e-001
7.500000000000000e+001 2.152770218983058e-001
7.600000000000000e+001 2.160645164164170e-001
7.700000000000000e+001 2.164578173275855e-001
7.800000000000000e+001 2.165215472401895e-001
7.900000000000000e+001 2.159161403110052e-001
8.000000000000000e+001 2.147153344500643e-001
8.100000000000000e+001 2.128275112145755e-001
8.200000000000000e+001 2.103263425928228e-001
8.300000000000000e+001 2.070443672148532e-001
8.400000000000000e+001 2.032126875127016e-001
8.500000000000000e+001 1.988597712450113e-001
8.600000000000000e+001 1.940422613436085e-001
8.700000000000000e+001 1.889390306136501e-001
8.800000000000000e+001 1.836680962496284e-001
8.900000000000000e+001 1.783078270409252e-001
9.000000000000000e+001 1.728733716555786e-001
9.100000000000000e+001 1.675783195086666e-001
9.200000000000000e+001 1.625551334827298e-001
9.300000000000000e+001 1.576488656966005e-001
9.400000000000000e+001 1.531550282071162e-001
9.500000000000000e+001 1.489760633219391e-001
9.600000000000000e+001 1.451110850802253e-001
9.700000000000000e+001 1.415578979061450e-001
9.800000000000000e+001 1.382796128700239e-001
9.900000000000000e+001 1.352152257345360e-001
1.000000000000000e+002 1.322230695974268e-001
1.010000000000000e+002 1.293544954855846e-001
1.020000000000000e+002 1.264787565754368e-001
1.030000000000000e+002 1.235345575860007e-001
1.040000000000000e+002 1.205563756339445e-001
1.050000000000000e+002 1.174938493081134e-001
1.060000000000000e+002 1.143157802838623e-001
1.070000000000000e+002 1.110203534468396e-001
1.080000000000000e+002 1.076570490560473e-001
1.090000000000000e+002 1.042228725331975e-001
1.100000000000000e+002 1.008109559045302e-001
1.110000000000000e+002 9.747536986222737e-002
1.120000000000000e+002 9.429507443182947e-002
1.130000000000000e+002 9.128977067131652e-002
1.140000000000000e+002 8.850065592909154e-002
1.150000000000000e+002 8.586021535184646e-002
1.160000000000000e+002 8.347123350938372e-002
1.170000000000000e+002 8.128382557584170e-002
1.180000000000000e+002 7.924147261434247e-002
1.190000000000000e+002 7.727431431218340e-002
1.200000000000000e+002 7.548753864605103e-002
1.210000000000000e+002 7.380555616528926e-002
1.220000000000000e+002 7.217551189182693e-002
1.230000000000000e+002 7.057272817293320e-002
1.240000000000000e+002 6.903947292175790e-002
1.250000000000000e+002 6.748180558659744e-002
1.260000000000000e+002 6.597249477796788e-002
1.270000000000000e+002 6.450124322166551e-002
1.280000000000000e+002 6.310750952851378e-002
1.290000000000000e+002 6.181317025887640e-002
1.300000000000000e+002 6.057766498719205e-002
1.310000000000000e+002 5.943885854017683e-002
1.320000000000000e+002 5.836081537029885e-002
1.330000000000000e+002 5.731815621838451e-002
1.340000000000000e+002 5.633988137777304e-002
1.350000000000000e+002 5.540619225810865e-002
1.360000000000000e+002 5.443157723185296e-002
1.370000000000000e+002 5.352021353811293e-002
1.380000000000000e+002 5.256568696742701e-002
1.390000000000000e+002 5.160700648348726e-002
1.400000000000000e+002 5.056124978089867e-002
1.410000000000000e+002 4.952627196249978e-002
1.420000000000000e+002 4.842886776439898e-002
1.430000000000000e+002 4.729510031446692e-002
1.440000000000000e+002 4.613121353267360e-002
1.450000000000000e+002 4.495144916500574e-002
1.460000000000000e+002 4.373411936507333e-002
1.470000000000000e+002 4.253576353110618e-002
1.480000000000000e+002 4.137356216315331e-002
1.490000000000000e+002 4.025444962924873e-002
1.500000000000000e+002 3.915271658611710e-002
1.510000000000000e+002 3.809538683537055e-002
1.520000000000000e+002 3.713943517582517e-002
1.530000000000000e+002 3.620041773903351e-002
1.540000000000000e+002 3.532665128111436e-002
1.550000000000000e+002 3.449612380361063e-002
1.560000000000000e+002 3.373741012135412e-002
1.570000000000000e+002 3.299786961084524e-002
1.580000000000000e+002 3.235759775492665e-002
1.590000000000000e+002 3.173856099493585e-002
1.600000000000000e+002 3.118747766966322e-002
1.610000000000000e+002 3.067415183350082e-002
1.620000000000000e+002 3.020686660287772e-002
1.630000000000000e+002 2.978321153596037e-002
1.640000000000000e+002 2.940042800769705e-002
1.650000000000000e+002 2.903342508749414e-002
1.660000000000000e+002 2.870089203374215e-002
1.670000000000000e+002 2.835701801069809e-002
1.680000000000000e+002 2.797102268746412e-002
1.690000000000000e+002 2.756516369188393e-002
1.700000000000000e+002 2.710242911123601e-002
1.710000000000000e+002 2.656164914521317e-002
1.720000000000000e+002 2.593229831662867e-002
1.730000000000000e+002 2.519383581378504e-002
1.740000000000000e+002 2.435710586604970e-002
1.750000000000000e+002 2.342166501743197e-002
1.760000000000000e+002 2.238615829448300e-002
1.770000000000000e+002 2.129925933342276e-002
1.780000000000000e+002 2.013381259387999e-002
1.790000000000000e+002 1.894366880809921e-002
1.800000000000000e+002 1.774627927824374e-002
1.810000000000000e+002 1.655410156624241e-002
1.820000000000000e+002 1.539446511337103e-002
1.830000000000000e+002 1.428053087691267e-002
1.840000000000000e+002 1.323702364674090e-002
1.850000000000000e+002 1.225151039737264e-002
1.860000000000000e+002 1.136363866147247e-002
1.870000000000000e+002 1.055160092908365e-002
1.880000000000000e+002 9.833891407439444e-003
1.890000000000000e+002 9.209313716454766e-003
1.900000000000000e+002 8.642515145218108e-003
1.910000000000000e+002 8.154515559604081e-003
1.920000000000000e+002 7.732171925787584e-003
1.930000000000000e+002 7.316222499008870e-003
1.940000000000000e+002 7.006963732367841e-003
1.950000000000000e+002 6.726821303584514e-003
1.960000000000000e+002 6.472169753740322e-003
1.970000000000000e+002 6.244535138836623e-003
1.980000000000000e+002 6.029218784270268e-003
1.990000000000000e+002 5.807838460253885e-003
2.000000000000000e+002 5.632440842258953e-003
2.010000000000000e+002 5.450338316921105e-003
2.020000000000000e+002 5.282214810176304e-003
2.030000000000000e+002 5.122161253716020e-003
2.040000000000000e+002 4.955548723834939e-003
2.050000000000000e+002 4.785101335138132e-003
2.060000000000000e+002 4.624012191163587e-003
2.070000000000000e+002 4.457119925373551e-003
2.080000000000000e+002 4.287807154700929e-003
2.090000000000000e+002 4.114872987836900e-003
2.100000000000000e+002 3.933572751746378e-003
2.110000000000000e+002 3.756828765077818e-003
2.120000000000000e+002 3.581363805782742e-003
2.130000000000000e+002 3.405925982441889e-003
2.140000000000000e+002 3.237660411698957e-003
2.150000000000000e+002 3.071301892813305e-003
2.160000000000000e+002 2.921400281190651e-003
2.170000000000000e+002 2.778210191758265e-003
2.180000000000000e+002 2.643335658528982e-003
2.190000000000000e+002 2.519065803470272e-003
2.200000000000000e+002 2.403983729941245e-003
2.210000000000000e+002 2.305600891656974e-003
2.220000000000000e+002 2.213903768240474e-003
2.230000000000000e+002 2.124538213452118e-003
2.240000000000000e+002 2.040906549951014e-003
2.250000000000000e+002 1.965897780401734e-003
2.260000000000000e+002 1.899042693763002e-003
2.270000000000000e+002 1.838829649017217e-003
2.280000000000000e+002 1.791547417253071e-003
2.290000000000000e+002 1.742697727075318e-003
2.300000000000000e+002 1.724091200378139e-003
2.310000000000000e+002 1.717742938342950e-003
2.320000000000000e+002 1.724173658988972e-003
2.330000000000000e+002 1.738848609309721e-003
2.340000000000000e+002 1.769177597857574e-003
2.350000000000000e+002 1.803710506466656e-003
2.360000000000000e+002 1.840940013146245e-003
2.370000000000000e+002 1.876101676416262e-003
2.380000000000000e+002 1.905278916850685e-003
2.390000000000000e+002 1.920539781024530e-003
2.400000000000000e+002 1.919488817329318e-003
2.410000000000000e+002 1.896327642103879e-003
2.420000000000000e+002 1.851440168737900e-003
2.430000000000000e+002 1.785959508578149e-003
2.440000000000000e+002 1.694427169068980e-003
2.450000000000000e+002 1.589561176737970e-003
2.460000000000000e+002 1.468770910241740e-003
2.470000000000000e+002 1.334587734309405e-003
2.480000000000000e+002 1.197552954665131e-003
2.490000000000000e+002 1.057327648428635e-003
2.500000000000000e+002 9.222589243792874e-004
2.510000000000000e+002 7.935967912370489e-004
2.520000000000000e+002 6.741069681173109e-004
2.530000000000000e+002 5.681301899443771e-004
2.540000000000000e+002 4.752058496135723e-004
2.550000000000000e+002 3.954342041799074e-004
2.560000000000000e+002 3.292926947562687e-004
2.570000000000000e+002 2.738873606016525e-004
2.580000000000000e+002 2.326040533754514e-004
2.590000000000000e+002 1.987658614203493e-004
2.600000000000000e+002 1.754573728756712e-004
2.610000000000000e+002 1.583097534698071e-004
2.620000000000000e+002 1.401345420802354e-004
2.630000000000000e+002 1.336478184771749e-004
2.640000000000000e+002 1.316084291600792e-004
2.650000000000000e+002 1.309011224214439e-004
2.660000000000000e+002 1.294873943133964e-004
2.670000000000000e+002 1.291686339750118e-004
2.680000000000000e+002 1.316973709097862e-004
2.690000000000000e+002 1.336853423922690e-004
2.700000000000000e+002 1.354231052867515e-004
2.710000000000000e+002 1.366989259314251e-004
2.720000000000000e+002 1.375105989551182e-004
2.730000000000000e+002 1.378743025987556e-004
2.740000000000000e+002 1.378223355218514e-004
2.750000000000000e+002 1.370764505326037e-004
2.760000000000000e+002 1.364568105838065e-004
2.770000000000000e+002 1.355341732049130e-004
2.780000000000000e+002 1.343752020907003e-004
2.790000000000000e+002 1.330320198327658e-004
2.800000000000000e+002 1.315350158317217e-004
2.810000000000000e+002 1.295548916616380e-004
2.820000000000000e+002 1.278448060675833e-004
2.830000000000000e+002 1.258397678774254e-004
2.840000000000000e+002 1.234538554007951e-004
2.850000000000000e+002 1.205743202084942e-004
2.860000000000000e+002 1.170772554213211e-004
2.870000000000000e+002 1.128471035432976e-004
2.880000000000000e+002 1.077973072981956e-004
2.890000000000000e+002 1.015617376749055e-004
2.900000000000000e+002 9.460713375455895e-005
2.910000000000000e+002 8.731542174444506e-005
2.920000000000000e+002 7.935416878803456e-005
2.930000000000000e+002 7.094975287736184e-005
2.940000000000000e+002 6.235492602570022e-005
2.950000000000000e+002 5.382859050487232e-005
2.960000000000000e+002 4.561490830293794e-005
2.970000000000000e+002 3.792480780889912e-005
2.980000000000000e+002 3.062130511595354e-005
2.990000000000000e+002 2.419290852668178e-005
3.000000000000000e+002 1.903592151929790e-005
3.010000000000000e+002 1.466226448308753e-005
3.020000000000000e+002 1.105505252134083e-005
3.030000000000000e+002 8.159154963688556e-006
3.040000000000000e+002 5.894497687625019e-006
3.050000000000000e+002 4.106431659050907e-006
3.060000000000000e+002 2.846361926942071e-006
3.070000000000000e+002 1.930892178166428e-006
3.080000000000000e+002 1.281941251118863e-006
3.090000000000000e+002 4.979708211405392e-007
3.100000000000000e+002 1.176809012407780e-031
3.110000000000000e+002 7.882664079679709e-032
3.120000000000000e+002 9.531152962203163e-008
3.130000000000000e+002 1.454070933360048e-007
3.140000000000000e+002 2.170793733896907e-007
3.150000000000000e+002 3.171351193345842e-007
3.160000000000000e+002 4.533805966732510e-007
3.170000000000000e+002 6.342702386691682e-007
3.180000000000000e+002 8.683174935587635e-007
3.190000000000000e+002 1.163256746688037e-006
3.200000000000000e+002 1.524984473952506e-006
3.210000000000000e+002 1.956356856619340e-006
3.220000000000000e+002 2.455972751673230e-006
3.230000000000000e+002 3.017114722639396e-006
3.240000000000000e+002 3.627044773386003e-006
3.250000000000000e+002 4.266844559992171e-006
3.260000000000000e+002 4.911945503346464e-006
3.270000000000000e+002 5.533412798945332e-006
3.280000000000000e+002 6.099937895810024e-006
3.290000000000000e+002 6.580373870752909e-006
3.300000000000000e+002 6.946539948470105e-006
3.310000000000000e+002 7.175948589884460e-006
3.320000000000000e+002 7.254089546772009e-006
3.330000000000000e+002 7.175948589884460e-006
3.340000000000000e+002 6.946539948470105e-006
3.350000000000000e+002 6.580373870752909e-006
3.360000000000000e+002 6.099937895810024e-006
3.370000000000000e+002 5.533412798945332e-006
3.380000000000000e+002 4.911945503346464e-006
3.390000000000000e+002 4.266844559992171e-006
3.400000000000000e+002 3.627044773386005e-006
3.410000000000000e+002 3.017114722639396e-006
3.420000000000000e+002 2.455972751673230e-006
3.430000000000000e+002 1.956356856619338e-006
3.440000000000000e+002 1.524984473952506e-006
3.450000000000000e+002 1.163256746688038e-006
3.460000000000000e+002 8.683174935587629e-007
3.470000000000000e+002 6.342702386691682e-007
3.480000000000000e+002 4.533805966732506e-007
3.490000000000000e+002 3.171351193345842e-007
3.500000000000000e+002 2.170793733896909e-007
3.510000000000000e+002 1.454070933360047e-007
3.520000000000000e+002 9.531152962203163e-008
3.530000000000000e+002 0.000000000000000e+000
3.540000000000000e+002 0.000000000000000e+000
