-3.530000000000000e+002 0.000000000000000e+000
-3.520000000000000e+002 0.000000000000000e+000
-3.510000000000000e+002 0.000000000000000e+000
-3.500000000000000e+002 0.000000000000000e+000
-3.490000000000000e+002 0.000000000000000e+000
-3.480000000000000e+002 0.000000000000000e+000
-3.470000000000000e+002 0.000000000000000e+000
-3.460000000000000e+002 0.000000000000000e+000
-3.450000000000000e+002 0.000000000000000e+000
-3.440000000000000e+002 0.000000000000000e+000
-3.430000000000000e+002 0.000000000000000e+000
-3.420000000000000e+002 0.000000000000000e+000
-3.410000000000000e+002 0.000000000000000e+000
-3.400000000000000e+002 0.000000000000000e+000
-3.390000000000000e+002 0.000000000000000e+000
-3.380000000000000e+002 0.000000000000000e+000
-3.370000000000000e+002 0.000000000000000e+000
-3.360000000000000e+002 0.000000000000000e+000
-3.350000000000000e+002 0.000000000000000e+000
-3.340000000000000e+002 0.000000000000000e+000
-3.330000000000000e+002 0.000000000000000e+000
-3.320000000000000e+002 0.000000000000000e+000
-3.310000000000000e+002 0.000000000000000e+000
-3.300000000000000e+002 0.000000000000000e+000
-3.290000000000000e+002 0.000000000000000e+000
-3.280000000000000e+002 0.000000000000000e+000
-3.270000000000000e+002 0.000000000000000e+000
-3.260000000000000e+002 0.000000000000000e+000
-3.250000000000000e+002 0.000000000000000e+000
-3.240000000000000e+002 0.000000000000000e+000
-3.230000000000000e+002 0.000000000000000e+000
-3.220000000000000e+002 0.000000000000000e+000
-3.210000000000000e+002 0.000000000000000e+000
-3.200000000000000e+002 0.000000000000000e+000
-3.190000000000000e+002 0.000000000000000e+000
-3.180000000000000e+002 0.000000000000000e+000
-3.170000000000000e+002 0.000000000000000e+000
-3.160000000000000e+002 0.000000000000000e+000
-3.150000000000000e+002 0.000000000000000e+000
-3.140000000000000e+002 0.000000000000000e+000
-3.130000000000000e+002 0.000000000000000e+000
-3.120000000000000e+002 0.000000000000000e+000
-3.110000000000000e+002 0.000000000000000e+000
-3.100000000000000e+002 0.000000000000000e+000
-3.090000000000000e+002 0.000000000000000e+000
-3.080000000000000e+002 0.000000000000000e+000
-3.070000000000000e+002 0.000000000000000e+000
-3.060000000000000e+002 0.000000000000000e+000
-3.050000000000000e+002 0.000000000000000e+000
-3.040000000000000e+002 0.000000000000000e+000
-3.030000000000000e+002 0.000000000000000e+000
-3.020000000000000e+002 0.000000000000000e+000
-3.010000000000000e+002 0.000000000000000e+000
-3.000000000000000e+002 0.000000000000000e+000
-2.990000000000000e+002 0.000000000000000e+000
-2.980000000000000e+002 0.000000000000000e+000
-2.970000000000000e+002 0.000000000000000e+000
-2.960000000000000e+002 0.000000000000000e+000
-2.950000000000000e+002 0.000000000000000e+000
-2.940000000000000e+002 0.000000000000000e+000
-2.930000000000000e+002 0.000000000000000e+000
-2.920000000000000e+002 0.000000000000000e+000
-2.910000000000000e+002 0.000000000000000e+000
-2.900000000000000e+002 0.000000000000000e+000
-2.890000000000000e+002 0.000000000000000e+000
-2.880000000000000e+002 0.000000000000000e+000
-2.870000000000000e+002 0.000000000000000e+000
-2.860000000000000e+002 0.000000000000000e+000
-2.850000000000000e+002 0.000000000000000e+000
-2.840000000000000e+002 0.000000000000000e+000
-2.830000000000000e+002 0.000000000000000e+000
-2.820000000000000e+002 0.000000000000000e+000
-2.810000000000000e+002 0.000000000000000e+000
-2.800000000000000e+002 0.000000000000000e+000
-2.790000000000000e+002 0.000000000000000e+000
-2.780000000000000e+002 0.000000000000000e+000
-2.770000000000000e+002 0.000000000000000e+000
-2.760000000000000e+002 0.000000000000000e+000
-2.750000000000000e+002 0.000000000000000e+000
-2.740000000000000e+002 0.000000000000000e+000
-2.730000000000000e+002 0.000000000000000e+000
-2.720000000000000e+002 0.000000000000000e+000
-2.710000000000000e+002 0.000000000000000e+000
-2.700000000000000e+002 0.000000000000000e+000
-2.690000000000000e+002 0.000000000000000e+000
-2.680000000000000e+002 0.000000000000000e+000
-2.670000000000000e+002 0.000000000000000e+000
-2.660000000000000e+002 0.000000000000000e+000
-2.650000000000000e+002 0.000000000000000e+000
-2.640000000000000e+002 0.000000000000000e+000
-2.630000000000000e+002 0.000000000000000e+000
-2.620000000000000e+002 0.000000000000000e+000
-2.610000000000000e+002 0.000000000000000e+000
-2.600000000000000e+002 0.000000000000000e+000
-2.590000000000000e+002 0.000000000000000e+000
-2.580000000000000e+002 0.000000000000000e+000
-2.570000000000000e+002 0.000000000000000e+000
-2.560000000000000e+002 0.000000000000000e+000
-2.550000000000000e+002 0.000000000000000e+000
-2.540000000000000e+002 0.000000000000000e+000
-2.530000000000000e+002 0.000000000000000e+000
-2.520000000000000e+002 0.000000000000000e+000
-2.510000000000000e+002 0.000000000000000e+000
-2.500000000000000e+002 0.000000000000000e+000
-2.490000000000000e+002 0.000000000000000e+000
-2.480000000000000e+002 0.000000000000000e+000
-2.470000000000000e+002 0.000000000000000e+000
-2.460000000000000e+002 0.000000000000000e+000
-2.450000000000000e+002 0.000000000000000e+000
-2.440000000000000e+002 0.000000000000000e+000
-2.430000000000000e+002 0.000000000000000e+000
-2.420000000000000e+002 0.000000000000000e+000
-2.410000000000000e+002 0.000000000000000e+000
-2.400000000000000e+002 0.000000000000000e+000
-2.390000000000000e+002 0.000000000000000e+000
-2.380000000000000e+002 0.000000000000000e+000
-2.370000000000000e+002 0.000000000000000e+000
-2.360000000000000e+002 0.000000000000000e+000
-2.350000000000000e+002 0.000000000000000e+000
-2.340000000000000e+002 0.000000000000000e+000
-2.330000000000000e+002 0.000000000000000e+000
-2.320000000000000e+002 0.000000000000000e+000
-2.310000000000000e+002 0.000000000000000e+000
-2.300000000000000e+002 0.000000000000000e+000
-2.290000000000000e+002 0.000000000000000e+000
-2.280000000000000e+002 0.000000000000000e+000
-2.270000000000000e+002 0.000000000000000e+000
-2.260000000000000e+002 0.000000000000000e+000
-2.250000000000000e+002 0.000000000000000e+000
-2.240000000000000e+002 0.000000000000000e+000
-2.230000000000000e+002 9.475808082647572e-004
-2.220000000000000e+002 3.749217763958451e-003
-2.210000000000000e+002 1.013012162823942e-002
-2.200000000000000e+002 2.514497213726384e-002
-2.190000000000000e+002 5.259984549976703e-002
-2.180000000000000e+002 9.668037258560826e-002
-2.170000000000000e+002 1.653159806391686e-001
-2.160000000000000e+002 2.676727912581288e-001
-2.150000000000000e+002 4.098689913020603e-001
-2.140000000000000e+002 6.074361684848891e-001
-2.130000000000000e+002 8.758114234971385e-001
-2.120000000000000e+002 1.226553572901624e+000
-2.110000000000000e+002 1.678411628356329e+000
-2.100000000000000e+002 2.253832377590627e+000
-2.090000000000000e+002 2.968385139161990e+000
-2.080000000000000e+002 3.839775248753914e+000
-2.070000000000000e+002 4.876884593366899e+000
-2.060000000000000e+002 6.094126960623152e+000
-2.050000000000000e+002 7.493645477536995e+000
-2.040000000000000e+002 9.069709386093736e+000
-2.030000000000000e+002 1.081216643712460e+001
-2.020000000000000e+002 1.271116831062852e+001
-2.010000000000000e+002 1.474307576779715e+001
-2.000000000000000e+002 1.688287838015910e+001
-1.990000000000000e+002 1.910497277256666e+001
-1.980000000000000e+002 2.137777802441277e+001
-1.970000000000000e+002 2.367350731253661e+001
-1.960000000000000e+002 2.597779602274525e+001
-1.950000000000000e+002 2.828520146592367e+001
-1.940000000000000e+002 3.060280934486096e+001
-1.930000000000000e+002 3.292942754732039e+001
-1.920000000000000e+002 3.529588301816876e+001
-1.910000000000000e+002 3.772369764906431e+001
-1.900000000000000e+002 4.024010006671855e+001
-1.890000000000000e+002 4.288496682333813e+001
-1.880000000000000e+002 4.568329953739852e+001
-1.870000000000000e+002 4.866356366352504e+001
-1.860000000000000e+002 5.183709698428697e+001
-1.850000000000000e+002 5.522766623617091e+001
-1.840000000000000e+002 5.883245059259652e+001
-1.830000000000000e+002 6.263409732938545e+001
-1.820000000000000e+002 6.663376893365192e+001
-1.810000000000000e+002 7.081083461467270e+001
-1.800000000000000e+002 7.511275063875587e+001
-1.790000000000000e+002 7.959944574952702e+001
-1.780000000000000e+002 8.426297725821435e+001
-1.770000000000000e+002 8.913468770345369e+001
-1.760000000000000e+002 9.429224370820269e+001
-1.750000000000000e+002 9.977180999760459e+001
-1.740000000000000e+002 1.056718693821389e+002
-1.730000000000000e+002 1.120335907120572e+002
-1.720000000000000e+002 1.189161822078818e+002
-1.710000000000000e+002 1.263565632363892e+002
-1.700000000000000e+002 1.343418673305804e+002
-1.690000000000000e+002 1.428380535125055e+002
-1.680000000000000e+002 1.517421541148621e+002
-1.670000000000000e+002 1.609249617531261e+002
-1.660000000000000e+002 1.702440464012082e+002
-1.650000000000000e+002 1.794844595195937e+002
-1.640000000000000e+002 1.884522159779499e+002
-1.630000000000000e+002 1.969342339981231e+002
-1.620000000000000e+002 2.047463301596766e+002
-1.610000000000000e+002 2.117081173395220e+002
-1.600000000000000e+002 2.176987339194760e+002
-1.590000000000000e+002 2.226245419319835e+002
-1.580000000000000e+002 2.264400453950213e+002
-1.570000000000000e+002 2.291467672715706e+002
-1.560000000000000e+002 2.308022430910328e+002
-1.550000000000000e+002 2.314569252290140e+002
-1.540000000000000e+002 2.312002853923743e+002
-1.530000000000000e+002 2.301443146804302e+002
-1.520000000000000e+002 2.283988005242284e+002
-1.510000000000000e+002 2.260615901389968e+002
-1.500000000000000e+002 2.232315512617205e+002
-1.490000000000000e+002 2.199988650365810e+002
-1.480000000000000e+002 2.164283291980724e+002
-1.470000000000000e+002 2.125789909449997e+002
-1.460000000000000e+002 2.085073974037719e+002
-1.450000000000000e+002 2.042510653847272e+002
-1.440000000000000e+002 1.998209048265921e+002
-1.430000000000000e+002 1.952442831257680e+002
-1.420000000000000e+002 1.905542236297125e+002
-1.410000000000000e+002 1.857549328066082e+002
-1.400000000000000e+002 1.808615551487000e+002
-1.390000000000000e+002 1.759323946596907e+002
-1.380000000000000e+002 1.709162694559759e+002
-1.370000000000000e+002 1.658597099057909e+002
-1.360000000000000e+002 1.607789051426346e+002
-1.350000000000000e+002 1.556719955492580e+002
-1.340000000000000e+002 1.505848338765470e+002
-1.330000000000000e+002 1.454990541156374e+002
-1.320000000000000e+002 1.404603867042765e+002
-1.310000000000000e+002 1.354926419021830e+002
-1.300000000000000e+002 1.306030972571189e+002
-1.290000000000000e+002 1.258183492300284e+002
-1.280000000000000e+002 1.211395410231032e+002
-1.270000000000000e+002 1.165886000979701e+002
-1.260000000000000e+002 1.121824947186388e+002
-1.250000000000000e+002 1.079083679442909e+002
-1.240000000000000e+002 1.037683253543379e+002
-1.230000000000000e+002 9.976890963547994e+001
-1.220000000000000e+002 9.591199258003755e+001
-1.210000000000000e+002 9.217559632840280e+001
-1.200000000000000e+002 8.857591196955707e+001
-1.190000000000000e+002 8.509767141378734e+001
-1.180000000000000e+002 8.173554642455557e+001
-1.170000000000000e+002 7.848038910479518e+001
-1.160000000000000e+002 7.533833620595000e+001
-1.150000000000000e+002 7.227352191491536e+001
-1.140000000000000e+002 6.931771024434320e+001
-1.130000000000000e+002 6.645999855850177e+001
-1.120000000000000e+002 6.369623015609331e+001
-1.110000000000000e+002 6.104876283054172e+001
-1.100000000000000e+002 5.852063524310107e+001
-1.090000000000000e+002 5.611985075834116e+001
-1.080000000000000e+002 5.386407419862262e+001
-1.070000000000000e+002 5.175557569930029e+001
-1.060000000000000e+002 4.981275266315118e+001
-1.050000000000000e+002 4.803478121139173e+001
-1.040000000000000e+002 4.643733125704805e+001
-1.030000000000000e+002 4.504216421573238e+001
-1.020000000000000e+002 4.386070202566777e+001
-1.010000000000000e+002 4.287774011592933e+001
-1.000000000000000e+002 4.209098701981587e+001
-9.900000000000000e+001 4.150270882045924e+001
-9.800000000000000e+001 4.107791609365297e+001
-9.700000000000000e+001 4.080794722015058e+001
-9.600000000000000e+001 4.065622074167436e+001
-9.500000000000000e+001 4.059450857656019e+001
-9.400000000000000e+001 4.057764078263373e+001
-9.300000000000000e+001 4.057725262487715e+001
-9.200000000000000e+001 4.056479724692907e+001
-9.100000000000000e+001 4.050012103885960e+001
-9.000000000000000e+001 4.034333973587947e+001
-8.900000000000000e+001 4.008232007055322e+001
-8.800000000000000e+001 3.970285331673323e+001
-8.700000000000000e+001 3.920561457778131e+001
-8.600000000000000e+001 3.859536666197005e+001
-8.500000000000000e+001 3.786411682631464e+001
-8.400000000000000e+001 3.702610128483398e+001
-8.300000000000000e+001 3.611917677318060e+001
-8.200000000000000e+001 3.513859242316919e+001
-8.100000000000000e+001 3.410039093494608e+001
-8.000000000000000e+001 3.302565180657404e+001
-7.900000000000000e+001 3.191572153868222e+001
-7.800000000000000e+001 3.079224944626980e+001
-7.700000000000000e+001 2.966256280787746e+001
-7.600000000000000e+001 2.853318617228064e+001
-7.500000000000000e+001 2.739943956556193e+001
-7.400000000000000e+001 2.628587467345952e+001
-7.300000000000000e+001 2.517937269447104e+001
-7.200000000000000e+001 2.409514744758900e+001
-7.100000000000000e+001 2.304053453910828e+001
-7.000000000000000e+001 2.201825074098076e+001
-6.900000000000000e+001 2.103465778104398e+001
-6.800000000000000e+001 2.009736527830049e+001
-6.700000000000000e+001 1.919651526228877e+001
-6.600000000000000e+001 1.834016712842043e+001
-6.500000000000000e+001 1.751829128669034e+001
-6.400000000000000e+001 1.672256961075123e+001
-6.300000000000000e+001 1.594383087155223e+001
-6.200000000000000e+001 1.516314023103931e+001
-6.100000000000000e+001 1.436956249153725e+001
-6.000000000000000e+001 1.356544703322921e+001
-5.900000000000000e+001 1.274110795667935e+001
-5.800000000000000e+001 1.188956951484704e+001
-5.700000000000000e+001 1.101447684472277e+001
-5.600000000000000e+001 1.011469919174912e+001
-5.500000000000000e+001 9.210303794369118e+000
-5.400000000000000e+001 8.302545574164164e+000
-5.300000000000000e+001 7.408930783673335e+000
-5.200000000000000e+001 6.536476921284375e+000
-5.100000000000000e+001 5.699141986222061e+000
-5.000000000000000e+001 4.907232277517902e+000
-4.900000000000000e+001 4.171582462418963e+000
-4.800000000000000e+001 3.502689396476359e+000
-4.700000000000000e+001 2.902369572036427e+000
-4.600000000000000e+001 2.371290017621963e+000
-4.500000000000000e+001 1.911941588700714e+000
-4.400000000000000e+001 1.521471540398735e+000
-4.300000000000000e+001 1.198698388297984e+000
-4.200000000000000e+001 9.300413703794740e-001
-4.100000000000000e+001 7.107820936765900e-001
-4.000000000000000e+001 5.396790639342042e-001
-3.900000000000000e+001 4.064523478147203e-001
-3.800000000000000e+001 3.026627993964685e-001
-3.700000000000000e+001 2.194437913090953e-001
-3.600000000000000e+001 1.577777976766489e-001
-3.500000000000000e+001 1.122079811831368e-001
-3.400000000000000e+001 7.942427535402626e-002
-3.300000000000000e+001 5.452017851007368e-002
-3.200000000000000e+001 3.751850851501596e-002
-3.100000000000000e+001 2.747261697772383e-002
-3.000000000000000e+001 1.991936815356079e-002
-2.900000000000000e+001 1.414932694078402e-002
-2.800000000000000e+001 9.937643406063462e-003
-2.700000000000000e+001 6.960210174223300e-003
-2.600000000000000e+001 4.885926916030075e-003
-2.500000000000000e+001 3.367767639244054e-003
-2.400000000000000e+001 2.225167429988909e-003
-2.300000000000000e+001 1.290158300317206e-003
-2.200000000000000e+001 7.246111933688323e-004
-2.100000000000000e+001 2.425834910998480e-004
-2.000000000000000e+001 2.314888857915320e+000
-1.900000000000000e+001 3.531526458193207e+000
-1.800000000000000e+001 5.272243142101711e+000
-1.700000000000000e+001 7.702313821543282e+000
-1.600000000000000e+001 1.101133057575911e+001
-1.500000000000000e+001 1.540462764308656e+001
-1.400000000000000e+001 2.108897256840687e+001
-1.300000000000000e+001 2.825221166554562e+001
-1.200000000000000e+001 3.703755363331779e+001
-1.100000000000000e+001 4.751436702509304e+001
-1.000000000000000e+001 5.964862204551027e+001
-9.000000000000000e+000 7.327717118850454e+001
-8.000000000000000e+000 8.809064460607274e+001
-7.000000000000000e+000 1.036295693071181e+002
-6.000000000000000e+000 1.192972440910206e+002
-5.000000000000000e+000 1.343909245089190e+002
-4.000000000000000e+000 1.481502145332712e+002
-3.000000000000000e+000 1.598186436178000e+002
-2.000000000000000e+000 1.687117805472548e+002
-1.000000000000000e+000 1.742834666892840e+002
0.000000000000000e+000 1.761812892121456e+002
1.000000000000000e+000 1.742834666892840e+002
2.000000000000000e+000 1.687117805472548e+002
3.000000000000000e+000 1.598186436178000e+002
4.000000000000000e+000 1.481502145332712e+002
5.000000000000000e+000 1.343909245089190e+002
6.000000000000000e+000 1.192972440910206e+002
7.000000000000000e+000 1.036295693071181e+002
8.000000000000000e+000 8.809064460607280e+001
9.000000000000000e+000 7.327717118850454e+001
1.000000000000000e+001 5.964862204551028e+001
1.100000000000000e+001 4.751436702509300e+001
1.200000000000000e+001 3.703755363331779e+001
1.300000000000000e+001 2.825221166554564e+001
1.400000000000000e+001 2.108897256840685e+001
1.500000000000000e+001 1.540462764308656e+001
1.600000000000000e+001 1.101133057575910e+001
1.700000000000000e+001 7.702313821543282e+000
1.800000000000000e+001 5.272243142101716e+000
1.900000000000000e+001 3.531526458193203e+000
2.000000000000000e+001 2.314847102082362e+000
2.100000000000000e+001 0.000000000000000e+000
2.200000000000000e+001 0.000000000000000e+000
2.300000000000000e+001 0.000000000000000e+000
2.400000000000000e+001 0.000000000000000e+000
2.500000000000000e+001 0.000000000000000e+000
2.600000000000000e+001 0.000000000000000e+000
2.700000000000000e+001 0.000000000000000e+000
2.800000000000000e+001 0.000000000000000e+000
2.900000000000000e+001 0.000000000000000e+000
3.000000000000000e+001 0.000000000000000e+000
3.100000000000000e+001 0.000000000000000e+000
3.200000000000000e+001 0.000000000000000e+000
3.300000000000000e+001 0.000000000000000e+000
3.400000000000000e+001 0.000000000000000e+000
3.500000000000000e+001 0.000000000000000e+000
3.600000000000000e+001 0.000000000000000e+000
3.700000000000000e+001 0.000000000000000e+000
3.800000000000000e+001 0.000000000000000e+000
3.900000000000000e+001 0.000000000000000e+000
4.000000000000000e+001 0.000000000000000e+000
4.100000000000000e+001 0.000000000000000e+000
4.200000000000000e+001 0.000000000000000e+000
4.300000000000000e+001 0.000000000000000e+000
4.400000000000000e+001 0.000000000000000e+000
4.500000000000000e+001 0.000000000000000e+000
4.600000000000000e+001 0.000000000000000e+000
4.700000000000000e+001 0.000000000000000e+000
4.800000000000000e+001 0.000000000000000e+000
4.900000000000000e+001 0.000000000000000e+000
5.000000000000000e+001 0.000000000000000e+000
5.100000000000000e+001 0.000000000000000e+000
5.200000000000000e+001 0.000000000000000e+000
5.300000000000000e+001 0.000000000000000e+000
5.400000000000000e+001 0.000000000000000e+000
5.500000000000000e+001 0.000000000000000e+000
5.600000000000000e+001 0.000000000000000e+000
5.700000000000000e+001 0.000000000000000e+000
5.800000000000000e+001 0.000000000000000e+000
5.900000000000000e+001 0.000000000000000e+000
6.000000000000000e+001 0.000000000000000e+000
6.100000000000000e+001 0.000000000000000e+000
6.200000000000000e+001 0.000000000000000e+000
6.300000000000000e+001 0.000000000000000e+000
6.400000000000000e+001 0.000000000000000e+000
6.500000000000000e+001 0.000000000000000e+000
6.600000000000000e+001 0.000000000000000e+000
6.700000000000000e+001 0.000000000000000e+000
6.800000000000000e+001 0.000000000000000e+000
6.900000000000000e+001 0.000000000000000e+000
7.000000000000000e+001 0.000000000000000e+000
7.100000000000000e+001 0.000000000000000e+000
7.200000000000000e+001 0.000000000000000e+000
7.300000000000000e+001 0.000000000000000e+000
7.400000000000000e+001 0.000000000000000e+000
7.500000000000000e+001 0.000000000000000e+000
7.600000000000000e+001 0.000000000000000e+000
7.700000000000000e+001 0.000000000000000e+000
7.800000000000000e+001 0.000000000000000e+000
7.900000000000000e+001 0.000000000000000e+000
8.000000000000000e+001 0.000000000000000e+000
8.100000000000000e+001 0.000000000000000e+000
8.200000000000000e+001 0.000000000000000e+000
8.300000000000000e+001 0.000000000000000e+000
8.400000000000000e+001 0.000000000000000e+000
8.500000000000000e+001 0.000000000000000e+000
8.600000000000000e+001 0.000000000000000e+000
8.700000000000000e+001 0.000000000000000e+000
8.800000000000000e+001 0.000000000000000e+000
8.900000000000000e+001 0.000000000000000e+000
9.000000000000000e+001 0.000000000000000e+000
9.100000000000000e+001 0.000000000000000e+000
9.200000000000000e+001 0.000000000000000e+000
9.300000000000000e+001 0.000000000000000e+000
9.400000000000000e+001 0.000000000000000e+000
9.500000000000000e+001 0.000000000000000e+000
9.600000000000000e+001 0.000000000000000e+000
9.700000000000000e+001 0.000000000000000e+000
9.800000000000000e+001 0.000000000000000e+000
9.900000000000000e+001 0.000000000000000e+000
1.000000000000000e+002 0.000000000000000e+000
1.010000000000000e+002 0.000000000000000e+000
1.020000000000000e+002 0.000000000000000e+000
1.030000000000000e+002 0.000000000000000e+000
1.040000000000000e+002 0.000000000000000e+000
1.050000000000000e+002 0.000000000000000e+000
1.060000000000000e+002 0.000000000000000e+000
1.070000000000000e+002 0.000000000000000e+000
1.080000000000000e+002 0.000000000000000e+000
1.090000000000000e+002 0.000000000000000e+000
1.100000000000000e+002 0.000000000000000e+000
1.110000000000000e+002 0.000000000000000e+000
1.120000000000000e+002 0.000000000000000e+000
1.130000000000000e+002 0.000000000000000e+000
1.140000000000000e+002 0.000000000000000e+000
1.150000000000000e+002 0.000000000000000e+000
1.160000000000000e+002 0.000000000000000e+000
1.170000000000000e+002 0.000000000000000e+000
1.180000000000000e+002 0.000000000000000e+000
1.190000000000000e+002 0.000000000000000e+000
1.200000000000000e+002 0.000000000000000e+000
1.210000000000000e+002 0.000000000000000e+000
1.220000000000000e+002 0.000000000000000e+000
1.230000000000000e+002 0.000000000000000e+000
1.240000000000000e+002 0.000000000000000e+000
1.250000000000000e+002 0.000000000000000e+000
1.260000000000000e+002 0.000000000000000e+000
1.270000000000000e+002 0.000000000000000e+000
1.280000000000000e+002 0.000000000000000e+000
1.290000000000000e+002 0.000000000000000e+000
1.300000000000000e+002 0.000000000000000e+000
1.310000000000000e+002 0.000000000000000e+000
1.320000000000000e+002 0.000000000000000e+000
1.330000000000000e+002 0.000000000000000e+000
1.340000000000000e+002 0.000000000000000e+000
1.350000000000000e+002 0.000000000000000e+000
1.360000000000000e+002 0.000000000000000e+000
1.370000000000000e+002 0.000000000000000e+000
1.380000000000000e+002 0.000000000000000e+000
1.390000000000000e+002 0.000000000000000e+000
1.400000000000000e+002 0.000000000000000e+000
1.410000000000000e+002 0.000000000000000e+000
1.420000000000000e+002 0.000000000000000e+000
1.430000000000000e+002 0.000000000000000e+000
1.440000000000000e+002 0.000000000000000e+000
1.450000000000000e+002 0.000000000000000e+000
1.460000000000000e+002 0.000000000000000e+000
1.470000000000000e+002 0.000000000000000e+000
1.480000000000000e+002 0.000000000000000e+000
1.490000000000000e+002 0.000000000000000e+000
1.500000000000000e+002 0.000000000000000e+000
1.510000000000000e+002 0.000000000000000e+000
1.520000000000000e+002 0.000000000000000e+000
1.530000000000000e+002 0.000000000000000e+000
1.540000000000000e+002 0.000000000000000e+000
1.550000000000000e+002 0.000000000000000e+000
1.560000000000000e+002 0.000000000000000e+000
1.570000000000000e+002 0.000000000000000e+000
1.580000000000000e+002 0.000000000000000e+000
1.590000000000000e+002 0.000000000000000e+000
1.600000000000000e+002 0.000000000000000e+000
1.610000000000000e+002 0.000000000000000e+000
1.620000000000000e+002 0.000000000000000e+000
1.630000000000000e+002 0.000000000000000e+000
1.640000000000000e+002 0.000000000000000e+000
1.650000000000000e+002 0.000000000000000e+000
1.660000000000000e+002 0.000000000000000e+000
1.670000000000000e+002 0.000000000000000e+000
1.680000000000000e+002 0.000000000000000e+000
1.690000000000000e+002 0.000000000000000e+000
1.700000000000000e+002 0.000000000000000e+000
1.710000000000000e+002 0.000000000000000e+000
1.720000000000000e+002 0.000000000000000e+000
1.730000000000000e+002 0.000000000000000e+000
1.740000000000000e+002 0.000000000000000e+000
1.750000000000000e+002 0.000000000000000e+000
1.760000000000000e+002 0.000000000000000e+000
1.770000000000000e+002 0.000000000000000e+000
1.780000000000000e+002 0.000000000000000e+000
1.790000000000000e+002 0.000000000000000e+000
1.800000000000000e+002 0.000000000000000e+000
1.810000000000000e+002 0.000000000000000e+000
1.820000000000000e+002 0.000000000000000e+000
1.830000000000000e+002 0.000000000000000e+000
1.840000000000000e+002 0.000000000000000e+000
1.850000000000000e+002 0.000000000000000e+000
1.860000000000000e+002 0.000000000000000e+000
1.870000000000000e+002 0.000000000000000e+000
1.880000000000000e+002 0.000000000000000e+000
1.890000000000000e+002 0.000000000000000e+000
1.900000000000000e+002 0.000000000000000e+000
1.910000000000000e+002 0.000000000000000e+000
1.920000000000000e+002 0.000000000000000e+000
1.930000000000000e+002 0.000000000000000e+000
1.940000000000000e+002 0.000000000000000e+000
1.950000000000000e+002 0.000000000000000e+000
1.960000000000000e+002 0.000000000000000e+000
1.970000000000000e+002 0.000000000000000e+000
1.980000000000000e+002 0.000000000000000e+000
1.990000000000000e+002 0.000000000000000e+000
2.000000000000000e+002 0.000000000000000e+000
2.010000000000000e+002 0.000000000000000e+000
2.020000000000000e+002 0.000000000000000e+000
2.030000000000000e+002 0.000000000000000e+000
2.040000000000000e+002 0.000000000000000e+000
2.050000000000000e+002 0.000000000000000e+000
2.060000000000000e+002 0.000000000000000e+000
2.070000000000000e+002 0.000000000000000e+000
2.080000000000000e+002 0.000000000000000e+000
2.090000000000000e+002 0.000000000000000e+000
2.100000000000000e+002 0.000000000000000e+000
2.110000000000000e+002 0.000000000000000e+000
2.120000000000000e+002 0.000000000000000e+000
2.130000000000000e+002 0.000000000000000e+000
2.140000000000000e+002 0.000000000000000e+000
2.150000000000000e+002 0.000000000000000e+000
2.160000000000000e+002 0.000000000000000e+000
2.170000000000000e+002 0.000000000000000e+000
2.180000000000000e+002 0.000000000000000e+000
2.190000000000000e+002 0.000000000000000e+000
2.200000000000000e+002 0.000000000000000e+000
2.210000000000000e+002 0.000000000000000e+000
2.220000000000000e+002 0.000000000000000e+000
2.230000000000000e+002 0.000000000000000e+000
2.240000000000000e+002 0.000000000000000e+000
2.250000000000000e+002 0.000000000000000e+000
2.260000000000000e+002 0.000000000000000e+000
2.270000000000000e+002 0.000000000000000e+000
2.280000000000000e+002 0.000000000000000e+000
2.290000000000000e+002 0.000000000000000e+000
2.300000000000000e+002 0.000000000000000e+000
2.310000000000000e+002 0.000000000000000e+000
2.320000000000000e+002 0.000000000000000e+000
2.330000000000000e+002 0.000000000000000e+000
2.340000000000000e+002 0.000000000000000e+000
2.350000000000000e+002 0.000000000000000e+000
2.360000000000000e+002 0.000000000000000e+000
2.370000000000000e+002 0.000000000000000e+000
2.380000000000000e+002 0.000000000000000e+000
2.390000000000000e+002 0.000000000000000e+000
2.400000000000000e+002 0.000000000000000e+000
2.410000000000000e+002 0.000000000000000e+000
2.420000000000000e+002 0.000000000000000e+000
2.430000000000000e+002 0.000000000000000e+000
2.440000000000000e+002 0.000000000000000e+000
2.450000000000000e+002 0.000000000000000e+000
2.460000000000000e+002 0.000000000000000e+000
2.470000000000000e+002 0.000000000000000e+000
2.480000000000000e+002 0.000000000000000e+000
2.490000000000000e+002 0.000000000000000e+000
2.500000000000000e+002 0.000000000000000e+000
2.510000000000000e+002 0.000000000000000e+000
2.520000000000000e+002 0.000000000000000e+000
2.530000000000000e+002 0.000000000000000e+000
2.540000000000000e+002 0.000000000000000e+000
2.550000000000000e+002 0.000000000000000e+000
2.560000000000000e+002 0.000000000000000e+000
2.570000000000000e+002 0.000000000000000e+000
2.580000000000000e+002 0.000000000000000e+000
2.590000000000000e+002 0.000000000000000e+000
2.600000000000000e+002 0.000000000000000e+000
2.610000000000000e+002 0.000000000000000e+000
2.620000000000000e+002 0.000000000000000e+000
2.630000000000000e+002 0.000000000000000e+000
2.640000000000000e+002 0.000000000000000e+000
2.650000000000000e+002 0.000000000000000e+000
2.660000000000000e+002 0.000000000000000e+000
2.670000000000000e+002 0.000000000000000e+000
2.680000000000000e+002 0.000000000000000e+000
2.690000000000000e+002 0.000000000000000e+000
2.700000000000000e+002 0.000000000000000e+000
2.710000000000000e+002 0.000000000000000e+000
2.720000000000000e+002 0.000000000000000e+000
2.730000000000000e+002 0.000000000000000e+000
2.740000000000000e+002 0.000000000000000e+000
2.750000000000000e+002 0.000000000000000e+000
2.760000000000000e+002 0.000000000000000e+000
2.770000000000000e+002 0.000000000000000e+000
2.780000000000000e+002 0.000000000000000e+000
2.790000000000000e+002 0.000000000000000e+000
2.800000000000000e+002 0.000000000000000e+000
2.810000000000000e+002 0.000000000000000e+000
2.820000000000000e+002 0.000000000000000e+000
2.830000000000000e+002 0.000000000000000e+000
2.840000000000000e+002 0.000000000000000e+000
2.850000000000000e+002 0.000000000000000e+000
2.860000000000000e+002 0.000000000000000e+000
2.870000000000000e+002 0.000000000000000e+000
2.880000000000000e+002 0.000000000000000e+000
2.890000000000000e+002 0.000000000000000e+000
2.900000000000000e+002 0.000000000000000e+000
2.910000000000000e+002 0.000000000000000e+000
2.920000000000000e+002 0.000000000000000e+000
2.930000000000000e+002 0.000000000000000e+000
2.940000000000000e+002 0.000000000000000e+000
2.950000000000000e+002 0.000000000000000e+000
2.960000000000000e+002 0.000000000000000e+000
2.970000000000000e+002 0.000000000000000e+000
2.980000000000000e+002 0.000000000000000e+000
2.990000000000000e+002 0.000000000000000e+000
3.000000000000000e+002 0.000000000000000e+000
3.010000000000000e+002 0.000000000000000e+000
3.020000000000000e+002 0.000000000000000e+000
3.030000000000000e+002 0.000000000000000e+000
3.040000000000000e+002 0.000000000000000e+000
3.050000000000000e+002 0.000000000000000e+000
3.060000000000000e+002 0.000000000000000e+000
3.070000000000000e+002 0.000000000000000e+000
3.080000000000000e+002 0.000000000000000e+000
3.090000000000000e+002 0.000000000000000e+000
3.100000000000000e+002 0.000000000000000e+000
3.110000000000000e+002 0.000000000000000e+000
3.120000000000000e+002 0.000000000000000e+000
3.130000000000000e+002 0.000000000000000e+000
3.140000000000000e+002 0.000000000000000e+000
3.150000000000000e+002 0.000000000000000e+000
3.160000000000000e+002 0.000000000000000e+000
3.170000000000000e+002 0.000000000000000e+000
3.180000000000000e+002 0.000000000000000e+000
3.190000000000000e+002 0.000000000000000e+000
3.200000000000000e+002 0.000000000000000e+000
3.210000000000000e+002 0.000000000000000e+000
3.220000000000000e+002 0.000000000000000e+000
3.230000000000000e+002 0.000000000000000e+000
3.240000000000000e+002 0.000000000000000e+000
3.250000000000000e+002 0.000000000000000e+000
3.260000000000000e+002 0.000000000000000e+000
3.270000000000000e+002 0.000000000000000e+000
3.280000000000000e+002 0.000000000000000e+000
3.290000000000000e+002 0.000000000000000e+000
3.300000000000000e+002 0.000000000000000e+000
3.310000000000000e+002 0.000000000000000e+000
3.320000000000000e+002 0.000000000000000e+000
3.330000000000000e+002 0.000000000000000e+000
3.340000000000000e+002 0.000000000000000e+000
3.350000000000000e+002 0.000000000000000e+000
3.360000000000000e+002 0.000000000000000e+000
3.370000000000000e+002 0.000000000000000e+000
3.380000000000000e+002 0.000000000000000e+000
3.390000000000000e+002 0.000000000000000e+000
3.400000000000000e+002 0.000000000000000e+000
3.410000000000000e+002 0.000000000000000e+000
3.420000000000000e+002 0.000000000000000e+000
3.430000000000000e+002 0.000000000000000e+000
3.440000000000000e+002 0.000000000000000e+000
3.450000000000000e+002 0.000000000000000e+000
3.460000000000000e+002 0.000000000000000e+000
3.470000000000000e+002 0.000000000000000e+000
3.480000000000000e+002 0.000000000000000e+000
3.490000000000000e+002 0.000000000000000e+000
3.500000000000000e+002 0.000000000000000e+000
3.510000000000000e+002 0.000000000000000e+000
3.520000000000000e+002 0.000000000000000e+000
3.530000000000000e+002 0.000000000000000e+000
3.540000000000000e+002 0.000000000000000e+000
