-3.530000000000000e+002 0.000000000000000e+000
-3.520000000000000e+002 0.000000000000000e+000
-3.510000000000000e+002 0.000000000000000e+000
-3.500000000000000e+002 0.000000000000000e+000
-3.490000000000000e+002 0.000000000000000e+000
-3.480000000000000e+002 0.000000000000000e+000
-3.470000000000000e+002 0.000000000000000e+000
-3.460000000000000e+002 0.000000000000000e+000
-3.450000000000000e+002 0.000000000000000e+000
-3.440000000000000e+002 0.000000000000000e+000
-3.430000000000000e+002 0.000000000000000e+000
-3.420000000000000e+002 0.000000000000000e+000
-3.410000000000000e+002 0.000000000000000e+000
-3.400000000000000e+002 0.000000000000000e+000
-3.390000000000000e+002 0.000000000000000e+000
-3.380000000000000e+002 0.000000000000000e+000
-3.370000000000000e+002 0.000000000000000e+000
-3.360000000000000e+002 0.000000000000000e+000
-3.350000000000000e+002 0.000000000000000e+000
-3.340000000000000e+002 0.000000000000000e+000
-3.330000000000000e+002 0.000000000000000e+000
-3.320000000000000e+002 0.000000000000000e+000
-3.310000000000000e+002 0.000000000000000e+000
-3.300000000000000e+002 0.000000000000000e+000
-3.290000000000000e+002 0.000000000000000e+000
-3.280000000000000e+002 0.000000000000000e+000
-3.270000000000000e+002 0.000000000000000e+000
-3.260000000000000e+002 0.000000000000000e+000
-3.250000000000000e+002 0.000000000000000e+000
-3.240000000000000e+002 0.000000000000000e+000
-3.230000000000000e+002 0.000000000000000e+000
-3.220000000000000e+002 0.000000000000000e+000
-3.210000000000000e+002 0.000000000000000e+000
-3.200000000000000e+002 0.000000000000000e+000
-3.190000000000000e+002 0.000000000000000e+000
-3.180000000000000e+002 0.000000000000000e+000
-3.170000000000000e+002 0.000000000000000e+000
-3.160000000000000e+002 0.000000000000000e+000
-3.150000000000000e+002 0.000000000000000e+000
-3.140000000000000e+002 0.000000000000000e+000
-3.130000000000000e+002 0.000000000000000e+000
-3.120000000000000e+002 0.000000000000000e+000
-3.110000000000000e+002 0.000000000000000e+000
-3.100000000000000e+002 0.000000000000000e+000
-3.090000000000000e+002 0.000000000000000e+000
-3.080000000000000e+002 0.000000000000000e+000
-3.070000000000000e+002 0.000000000000000e+000
-3.060000000000000e+002 0.000000000000000e+000
-3.050000000000000e+002 0.000000000000000e+000
-3.040000000000000e+002 0.000000000000000e+000
-3.030000000000000e+002 0.000000000000000e+000
-3.020000000000000e+002 0.000000000000000e+000
-3.010000000000000e+002 0.000000000000000e+000
-3.000000000000000e+002 0.000000000000000e+000
-2.990000000000000e+002 0.000000000000000e+000
-2.980000000000000e+002 0.000000000000000e+000
-2.970000000000000e+002 0.000000000000000e+000
-2.960000000000000e+002 0.000000000000000e+000
-2.950000000000000e+002 0.000000000000000e+000
-2.940000000000000e+002 0.000000000000000e+000
-2.930000000000000e+002 0.000000000000000e+000
-2.920000000000000e+002 0.000000000000000e+000
-2.910000000000000e+002 0.000000000000000e+000
-2.900000000000000e+002 0.000000000000000e+000
-2.890000000000000e+002 0.000000000000000e+000
-2.880000000000000e+002 0.000000000000000e+000
-2.870000000000000e+002 0.000000000000000e+000
-2.860000000000000e+002 0.000000000000000e+000
-2.850000000000000e+002 0.000000000000000e+000
-2.840000000000000e+002 0.000000000000000e+000
-2.830000000000000e+002 0.000000000000000e+000
-2.820000000000000e+002 0.000000000000000e+000
-2.810000000000000e+002 0.000000000000000e+000
-2.800000000000000e+002 0.000000000000000e+000
-2.790000000000000e+002 0.000000000000000e+000
-2.780000000000000e+002 0.000000000000000e+000
-2.770000000000000e+002 0.000000000000000e+000
-2.760000000000000e+002 0.000000000000000e+000
-2.750000000000000e+002 0.000000000000000e+000
-2.740000000000000e+002 0.000000000000000e+000
-2.730000000000000e+002 0.000000000000000e+000
-2.720000000000000e+002 0.000000000000000e+000
-2.710000000000000e+002 0.000000000000000e+000
-2.700000000000000e+002 0.000000000000000e+000
-2.690000000000000e+002 0.000000000000000e+000
-2.680000000000000e+002 0.000000000000000e+000
-2.670000000000000e+002 0.000000000000000e+000
-2.660000000000000e+002 0.000000000000000e+000
-2.650000000000000e+002 0.000000000000000e+000
-2.640000000000000e+002 0.000000000000000e+000
-2.630000000000000e+002 0.000000000000000e+000
-2.620000000000000e+002 0.000000000000000e+000
-2.610000000000000e+002 0.000000000000000e+000
-2.600000000000000e+002 0.000000000000000e+000
-2.590000000000000e+002 0.000000000000000e+000
-2.580000000000000e+002 0.000000000000000e+000
-2.570000000000000e+002 0.000000000000000e+000
-2.560000000000000e+002 0.000000000000000e+000
-2.550000000000000e+002 0.000000000000000e+000
-2.540000000000000e+002 0.000000000000000e+000
-2.530000000000000e+002 0.000000000000000e+000
-2.520000000000000e+002 0.000000000000000e+000
-2.510000000000000e+002 0.000000000000000e+000
-2.500000000000000e+002 0.000000000000000e+000
-2.490000000000000e+002 0.000000000000000e+000
-2.480000000000000e+002 0.000000000000000e+000
-2.470000000000000e+002 0.000000000000000e+000
-2.460000000000000e+002 0.000000000000000e+000
-2.450000000000000e+002 0.000000000000000e+000
-2.440000000000000e+002 0.000000000000000e+000
-2.430000000000000e+002 0.000000000000000e+000
-2.420000000000000e+002 0.000000000000000e+000
-2.410000000000000e+002 0.000000000000000e+000
-2.400000000000000e+002 0.000000000000000e+000
-2.390000000000000e+002 0.000000000000000e+000
-2.380000000000000e+002 0.000000000000000e+000
-2.370000000000000e+002 0.000000000000000e+000
-2.360000000000000e+002 0.000000000000000e+000
-2.350000000000000e+002 0.000000000000000e+000
-2.340000000000000e+002 0.000000000000000e+000
-2.330000000000000e+002 0.000000000000000e+000
-2.320000000000000e+002 0.000000000000000e+000
-2.310000000000000e+002 0.000000000000000e+000
-2.300000000000000e+002 0.000000000000000e+000
-2.290000000000000e+002 0.000000000000000e+000
-2.280000000000000e+002 0.000000000000000e+000
-2.270000000000000e+002 0.000000000000000e+000
-2.260000000000000e+002 0.000000000000000e+000
-2.250000000000000e+002 0.000000000000000e+000
-2.240000000000000e+002 0.000000000000000e+000
-2.230000000000000e+002 0.000000000000000e+000
-2.220000000000000e+002 0.000000000000000e+000
-2.210000000000000e+002 0.000000000000000e+000
-2.200000000000000e+002 0.000000000000000e+000
-2.190000000000000e+002 0.000000000000000e+000
-2.180000000000000e+002 0.000000000000000e+000
-2.170000000000000e+002 0.000000000000000e+000
-2.160000000000000e+002 0.000000000000000e+000
-2.150000000000000e+002 0.000000000000000e+000
-2.140000000000000e+002 0.000000000000000e+000
-2.130000000000000e+002 0.000000000000000e+000
-2.120000000000000e+002 0.000000000000000e+000
-2.110000000000000e+002 0.000000000000000e+000
-2.100000000000000e+002 0.000000000000000e+000
-2.090000000000000e+002 0.000000000000000e+000
-2.080000000000000e+002 0.000000000000000e+000
-2.070000000000000e+002 0.000000000000000e+000
-2.060000000000000e+002 0.000000000000000e+000
-2.050000000000000e+002 0.000000000000000e+000
-2.040000000000000e+002 3.338155304680329e-004
-2.030000000000000e+002 5.092683559718384e-004
-2.020000000000000e+002 1.375521991347572e-003
-2.010000000000000e+002 2.758469459817200e-003
-2.000000000000000e+002 7.328917063298117e-003
-1.990000000000000e+002 1.601055264764773e-002
-1.980000000000000e+002 3.029312928777947e-002
-1.970000000000000e+002 5.378254788529910e-002
-1.960000000000000e+002 8.901038101193937e-002
-1.950000000000000e+002 1.420278840918085e-001
-1.940000000000000e+002 2.153254978969386e-001
-1.930000000000000e+002 3.169289977763389e-001
-1.920000000000000e+002 4.558349802893725e-001
-1.910000000000000e+002 6.468738394503227e-001
-1.900000000000000e+002 9.005480503757933e-001
-1.890000000000000e+002 1.234227131450003e+000
-1.880000000000000e+002 1.660868395863623e+000
-1.870000000000000e+002 2.201152795553176e+000
-1.860000000000000e+002 2.879692505276187e+000
-1.850000000000000e+002 3.724368622266999e+000
-1.840000000000000e+002 4.759268689981408e+000
-1.830000000000000e+002 6.012157410815165e+000
-1.820000000000000e+002 7.514908158930222e+000
-1.810000000000000e+002 9.293271664654233e+000
-1.800000000000000e+002 1.137088404184382e+001
-1.790000000000000e+002 1.380217433642150e+001
-1.780000000000000e+002 1.661873292755003e+001
-1.770000000000000e+002 1.985012007481470e+001
-1.760000000000000e+002 2.353899873474743e+001
-1.750000000000000e+002 2.770415032382060e+001
-1.740000000000000e+002 3.236271230857077e+001
-1.730000000000000e+002 3.753066813644124e+001
-1.720000000000000e+002 4.322516167775962e+001
-1.710000000000000e+002 4.942489088870627e+001
-1.700000000000000e+002 5.611248364332452e+001
-1.690000000000000e+002 6.329089000127447e+001
-1.680000000000000e+002 7.087947233296615e+001
-1.670000000000000e+002 7.881291902649873e+001
-1.660000000000000e+002 8.702567549456684e+001
-1.650000000000000e+002 9.541042602767276e+001
-1.640000000000000e+002 1.038745509558674e+002
-1.630000000000000e+002 1.123018291983041e+002
-1.620000000000000e+002 1.206048941779000e+002
-1.610000000000000e+002 1.287057054589913e+002
-1.600000000000000e+002 1.364990502550591e+002
-1.590000000000000e+002 1.439143420145973e+002
-1.580000000000000e+002 1.508914586706462e+002
-1.570000000000000e+002 1.573694993582953e+002
-1.560000000000000e+002 1.633298636904347e+002
-1.550000000000000e+002 1.687696151124901e+002
-1.540000000000000e+002 1.736817984727576e+002
-1.530000000000000e+002 1.780783933320299e+002
-1.520000000000000e+002 1.819864982345852e+002
-1.510000000000000e+002 1.854287100670262e+002
-1.500000000000000e+002 1.883994876193145e+002
-1.490000000000000e+002 1.909308571046699e+002
-1.480000000000000e+002 1.930117033995405e+002
-1.470000000000000e+002 1.946426023886542e+002
-1.460000000000000e+002 1.957835823427539e+002
-1.450000000000000e+002 1.964158150230526e+002
-1.440000000000000e+002 1.964924201498937e+002
-1.430000000000000e+002 1.959891070242631e+002
-1.420000000000000e+002 1.948713616257591e+002
-1.410000000000000e+002 1.931144837014608e+002
-1.400000000000000e+002 1.907052639215127e+002
-1.390000000000000e+002 1.876530367189298e+002
-1.380000000000000e+002 1.839598456120783e+002
-1.370000000000000e+002 1.796910012815528e+002
-1.360000000000000e+002 1.749084838217536e+002
-1.350000000000000e+002 1.696930291339563e+002
-1.340000000000000e+002 1.641525296727582e+002
-1.330000000000000e+002 1.583939952451396e+002
-1.320000000000000e+002 1.525204243950421e+002
-1.310000000000000e+002 1.466125262496180e+002
-1.300000000000000e+002 1.407924493487146e+002
-1.290000000000000e+002 1.351187503827984e+002
-1.280000000000000e+002 1.296440803071263e+002
-1.270000000000000e+002 1.244547694568027e+002
-1.260000000000000e+002 1.195765605360354e+002
-1.250000000000000e+002 1.150104791221445e+002
-1.240000000000000e+002 1.107832658597402e+002
-1.230000000000000e+002 1.068782446568271e+002
-1.220000000000000e+002 1.032963035927775e+002
-1.210000000000000e+002 1.000081388201872e+002
-1.200000000000000e+002 9.698367426322436e+001
-1.190000000000000e+002 9.424090662961436e+001
-1.180000000000000e+002 9.174356867228740e+001
-1.170000000000000e+002 8.949927229661738e+001
-1.160000000000000e+002 8.749711117322254e+001
-1.150000000000000e+002 8.570076293966636e+001
-1.140000000000000e+002 8.410048682236942e+001
-1.130000000000000e+002 8.267758344044121e+001
-1.120000000000000e+002 8.141661058007682e+001
-1.110000000000000e+002 8.027217228947265e+001
-1.100000000000000e+002 7.922623535225992e+001
-1.090000000000000e+002 7.828182311263548e+001
-1.080000000000000e+002 7.737607762856642e+001
-1.070000000000000e+002 7.650803000550005e+001
-1.060000000000000e+002 7.565156920492703e+001
-1.050000000000000e+002 7.477928105188921e+001
-1.040000000000000e+002 7.386365818543925e+001
-1.030000000000000e+002 7.290198425558607e+001
-1.020000000000000e+002 7.187481667540359e+001
-1.010000000000000e+002 7.077318462244202e+001
-1.000000000000000e+002 6.958624504968118e+001
-9.900000000000000e+001 6.831030327168422e+001
-9.800000000000000e+001 6.692707752725046e+001
-9.700000000000000e+001 6.542692405689051e+001
-9.600000000000000e+001 6.378407440296112e+001
-9.500000000000000e+001 6.199734291178840e+001
-9.400000000000000e+001 6.004709557293764e+001
-9.300000000000000e+001 5.792649137269192e+001
-9.200000000000000e+001 5.562537358663014e+001
-9.100000000000000e+001 5.314642856479859e+001
-9.000000000000000e+001 5.050441626884816e+001
-8.900000000000000e+001 4.770453190947732e+001
-8.800000000000000e+001 4.478573237806497e+001
-8.700000000000000e+001 4.176744235088828e+001
-8.600000000000000e+001 3.869705640439805e+001
-8.500000000000000e+001 3.562309256614854e+001
-8.400000000000000e+001 3.259505024251855e+001
-8.300000000000000e+001 2.965252905479153e+001
-8.200000000000000e+001 2.683933468019915e+001
-8.100000000000000e+001 2.418692206972462e+001
-8.000000000000000e+001 2.172118535712288e+001
-7.900000000000000e+001 1.946273775314559e+001
-7.800000000000000e+001 1.741083336475472e+001
-7.700000000000000e+001 1.557692363939424e+001
-7.600000000000000e+001 1.393229141388361e+001
-7.500000000000000e+001 1.247382921799566e+001
-7.400000000000000e+001 1.118572285049606e+001
-7.300000000000000e+001 1.003485724015483e+001
-7.200000000000000e+001 9.011629745406413e+000
-7.100000000000000e+001 8.091234857439895e+000
-7.000000000000000e+001 7.267501151143213e+000
-6.900000000000000e+001 6.519040634210917e+000
-6.800000000000000e+001 5.828289020091519e+000
-6.700000000000000e+001 5.206579539624066e+000
-6.600000000000000e+001 4.636205511244114e+000
-6.500000000000000e+001 4.115959173751301e+000
-6.400000000000000e+001 3.660872679521169e+000
-6.300000000000000e+001 3.255566531385994e+000
-6.200000000000000e+001 2.894472142973640e+000
-6.100000000000000e+001 2.574138650401482e+000
-6.000000000000000e+001 2.294561693445495e+000
-5.900000000000000e+001 2.053019408360607e+000
-5.800000000000000e+001 1.844943470026764e+000
-5.700000000000000e+001 1.669673800135627e+000
-5.600000000000000e+001 1.520455118782695e+000
-5.500000000000000e+001 1.395588254474731e+000
-5.400000000000000e+001 1.289152842274120e+000
-5.300000000000000e+001 1.198091198645224e+000
-5.200000000000000e+001 1.117955601595496e+000
-5.100000000000000e+001 1.050201113206611e+000
-5.000000000000000e+001 9.894249798719683e-001
-4.900000000000000e+001 9.361616905578926e-001
-4.800000000000000e+001 8.862783652816201e-001
-4.700000000000000e+001 8.403784964350223e-001
-4.600000000000000e+001 7.982641894301247e-001
-4.500000000000000e+001 7.591637555161718e-001
-4.400000000000000e+001 7.222720125256915e-001
-4.300000000000000e+001 6.877434459322448e-001
-4.200000000000000e+001 6.556594665987964e-001
-4.100000000000000e+001 6.257135889969666e-001
-4.000000000000000e+001 5.975790604168185e-001
-3.900000000000000e+001 5.708135605337890e-001
-3.800000000000000e+001 5.460517671615456e-001
-3.700000000000000e+001 5.222653401541255e-001
-3.600000000000000e+001 4.992824674084164e-001
-3.500000000000000e+001 4.766084396642629e-001
-3.400000000000000e+001 4.543996690876194e-001
-3.300000000000000e+001 4.322481287332655e-001
-3.200000000000000e+001 4.110543371550586e-001
-3.100000000000000e+001 3.903136030643676e-001
-3.000000000000000e+001 3.700765693956516e-001
-2.900000000000000e+001 3.506841314130651e-001
-2.800000000000000e+001 3.321673159913873e-001
-2.700000000000000e+001 3.147611942331066e-001
-2.600000000000000e+001 2.981499595661299e-001
-2.500000000000000e+001 2.828752859059918e-001
-2.400000000000000e+001 2.685848520447995e-001
-2.300000000000000e+001 2.554981480099663e-001
-2.200000000000000e+001 2.435807121834213e-001
-2.100000000000000e+001 2.327451962354866e-001
-2.000000000000000e+001 3.969967294491655e+000
-1.900000000000000e+001 5.930294162370088e+000
-1.800000000000000e+001 8.739486127930538e+000
-1.700000000000000e+001 1.266598406821806e+001
-1.600000000000000e+001 1.802260578225200e+001
-1.500000000000000e+001 2.513808965961648e+001
-1.400000000000000e+001 3.435008610288694e+001
-1.300000000000000e+001 4.595934421909550e+001
-1.200000000000000e+001 6.020138063936727e+001
-1.100000000000000e+001 7.719105888168792e+001
-1.000000000000000e+001 9.687522708903062e+001
-9.000000000000000e+000 1.189926720065181e+002
-8.000000000000000e+000 1.430453006407331e+002
-7.000000000000000e+000 1.682909710200638e+002
-6.000000000000000e+000 1.937662366750418e+002
-5.000000000000000e+000 2.183334453955250e+002
-4.000000000000000e+000 2.407608630032699e+002
-3.000000000000000e+000 2.598223557667438e+002
-2.000000000000000e+000 2.744059548707887e+002
-1.000000000000000e+000 2.836227564277225e+002
0.000000000000000e+000 2.868962706113365e+002
1.000000000000000e+000 2.840225362347468e+002
2.000000000000000e+000 2.751914768727374e+002
3.000000000000000e+000 2.609664565323810e+002
4.000000000000000e+000 2.422260872676313e+002
5.000000000000000e+000 2.200732369435105e+002
6.000000000000000e+000 1.957299675307569e+002
7.000000000000000e+000 1.704263017127034e+002
8.000000000000000e+000 1.453009664970002e+002
9.000000000000000e+000 1.213223329493467e+002
1.000000000000000e+001 9.923874388262527e+001
1.100000000000000e+001 7.955566617496687e+001
1.200000000000000e+001 6.254183408005108e+001
1.300000000000000e+001 4.825695207030153e+001
1.400000000000000e+001 3.659222315628273e+001
1.500000000000000e+001 2.731880281225796e+001
1.600000000000000e+001 2.013381591853999e+001
1.700000000000000e+001 1.470346690607286e+001
1.800000000000000e+001 1.069544814920534e+001
1.900000000000000e+001 7.802066002596628e+000
2.000000000000000e+001 5.755098299513267e+000
2.100000000000000e+001 1.927626248224540e+000
2.200000000000000e+001 1.843947613509336e+000
2.300000000000000e+001 1.756866104734501e+000
2.400000000000000e+001 1.666049566523159e+000
2.500000000000000e+001 1.568925728912231e+000
2.600000000000000e+001 1.472285250230498e+000
2.700000000000000e+001 1.375889081216835e+000
2.800000000000000e+001 1.284153986644146e+000
2.900000000000000e+001 1.195361386485810e+000
3.000000000000000e+001 1.109742865450419e+000
3.100000000000000e+001 1.028643273677846e+000
3.200000000000000e+001 9.525021929380746e-001
3.300000000000000e+001 8.820429046020659e-001
3.400000000000000e+001 8.177236649205399e-001
3.500000000000000e+001 7.588427185234979e-001
3.600000000000000e+001 7.059574140135625e-001
3.700000000000000e+001 6.588306145652039e-001
3.800000000000000e+001 6.165418347809662e-001
3.900000000000000e+001 5.790231337967064e-001
4.000000000000000e+001 5.451348609843051e-001
4.100000000000000e+001 5.142616961751960e-001
4.200000000000000e+001 4.859771225613868e-001
4.300000000000000e+001 4.598649189641112e-001
4.400000000000000e+001 4.355838450655116e-001
4.500000000000000e+001 4.128574518639945e-001
4.600000000000000e+001 3.915718701878961e-001
4.700000000000000e+001 3.717272829836936e-001
4.800000000000000e+001 3.531536994336895e-001
4.900000000000000e+001 3.357119122460451e-001
5.000000000000000e+001 3.196107430053842e-001
5.100000000000000e+001 3.044568636875955e-001
5.200000000000000e+001 2.904974656670833e-001
5.300000000000000e+001 2.776072281617722e-001
5.400000000000000e+001 2.656952617151837e-001
5.500000000000000e+001 2.547974381325516e-001
5.600000000000000e+001 2.447272619451090e-001
5.700000000000000e+001 2.354733798417513e-001
5.800000000000000e+001 2.268588177587784e-001
5.900000000000000e+001 2.185841019540222e-001
6.000000000000000e+001 2.108427955038044e-001
6.100000000000000e+001 2.032251464980379e-001
6.200000000000000e+001 1.959754788089200e-001
6.300000000000000e+001 1.890233345621937e-001
6.400000000000000e+001 1.821384169735743e-001
6.500000000000000e+001 1.754716271744316e-001
6.600000000000000e+001 1.689854443743625e-001
6.700000000000000e+001 1.628133957759770e-001
6.800000000000000e+001 1.569107364428512e-001
6.900000000000000e+001 1.512593936633364e-001
7.000000000000000e+001 1.457924419265637e-001
7.100000000000000e+001 1.406932524798250e-001
7.200000000000000e+001 1.357852889866276e-001
7.300000000000000e+001 1.312051609812231e-001
7.400000000000000e+001 1.266622508292910e-001
7.500000000000000e+001 1.224652117297053e-001
7.600000000000000e+001 1.185155800014946e-001
7.700000000000000e+001 1.147444786592491e-001
7.800000000000000e+001 1.112089868875690e-001
7.900000000000000e+001 1.080445743410750e-001
8.000000000000000e+001 1.052473090048505e-001
8.100000000000000e+001 1.027687136978703e-001
8.200000000000000e+001 1.007537849048892e-001
8.300000000000000e+001 9.914134980259136e-002
8.400000000000000e+001 9.806622957055625e-002
8.500000000000000e+001 9.749054947635694e-002
8.600000000000000e+001 9.729646156623932e-002
8.700000000000000e+001 9.765145117880124e-002
8.800000000000000e+001 9.832417557530247e-002
8.900000000000000e+001 9.927533324118962e-002
9.000000000000000e+001 1.005088436360851e-001
9.100000000000000e+001 1.019204849654227e-001
9.200000000000000e+001 1.034046741033933e-001
9.300000000000000e+001 1.048783264996461e-001
9.400000000000000e+001 1.063363941514767e-001
9.500000000000000e+001 1.077180350812119e-001
9.600000000000000e+001 1.089377188707445e-001
9.700000000000000e+001 1.099348078713939e-001
9.800000000000000e+001 1.108557887898353e-001
9.900000000000000e+001 1.115353524155825e-001
1.000000000000000e+002 1.120591449730894e-001
1.010000000000000e+002 1.124173579454898e-001
1.020000000000000e+002 1.126269844528994e-001
1.030000000000000e+002 1.127177506208343e-001
1.040000000000000e+002 1.126772841983073e-001
1.050000000000000e+002 1.125139530739648e-001
1.060000000000000e+002 1.122228625669593e-001
1.070000000000000e+002 1.118480437906821e-001
1.080000000000000e+002 1.113733465458630e-001
1.090000000000000e+002 1.107977869857298e-001
1.100000000000000e+002 1.101616084960502e-001
1.110000000000000e+002 1.094601079092172e-001
1.120000000000000e+002 1.086596154017308e-001
1.130000000000000e+002 1.078165121532855e-001
1.140000000000000e+002 1.069502001361360e-001
1.150000000000000e+002 1.060763421273601e-001
1.160000000000000e+002 1.050872136917548e-001
1.170000000000000e+002 1.041014428967014e-001
1.180000000000000e+002 1.030933944183533e-001
1.190000000000000e+002 1.020580225921581e-001
1.200000000000000e+002 1.009507827860844e-001
1.210000000000000e+002 9.980615962934405e-002
1.220000000000000e+002 9.863576789545732e-002
1.230000000000000e+002 9.744927918736801e-002
1.240000000000000e+002 9.621849163135744e-002
1.250000000000000e+002 9.494900805365451e-002
1.260000000000000e+002 9.363575938528737e-002
1.270000000000000e+002 9.234486387490409e-002
1.280000000000000e+002 9.097204672101747e-002
1.290000000000000e+002 8.964499392004055e-002
1.300000000000000e+002 8.827604218821253e-002
1.310000000000000e+002 8.691354694803645e-002
1.320000000000000e+002 8.556026537522408e-002
1.330000000000000e+002 8.422337512966790e-002
1.340000000000000e+002 8.293048805812507e-002
1.350000000000000e+002 8.163419368947103e-002
1.360000000000000e+002 8.040154081310495e-002
1.370000000000000e+002 7.923097000851687e-002
1.380000000000000e+002 7.808541086927487e-002
1.390000000000000e+002 7.699564456982555e-002
1.400000000000000e+002 7.593446106603767e-002
1.410000000000000e+002 7.489139654416616e-002
1.420000000000000e+002 7.385057280200165e-002
1.430000000000000e+002 7.283063893346170e-002
1.440000000000000e+002 7.178762727792513e-002
1.450000000000000e+002 7.070188810137289e-002
1.460000000000000e+002 6.958684092317288e-002
1.470000000000000e+002 6.841816822321554e-002
1.480000000000000e+002 6.715080283451454e-002
1.490000000000000e+002 6.584455341007504e-002
1.500000000000000e+002 6.447769213265618e-002
1.510000000000000e+002 6.303546171968318e-002
1.520000000000000e+002 6.153252156495498e-002
1.530000000000000e+002 5.999592053453555e-002
1.540000000000000e+002 5.840479157449691e-002
1.550000000000000e+002 5.678135788630964e-002
1.560000000000000e+002 5.514821109269123e-002
1.570000000000000e+002 5.350113753124362e-002
1.580000000000000e+002 5.184005090419181e-002
1.590000000000000e+002 5.016479856169457e-002
1.600000000000000e+002 4.850296625874060e-002
1.610000000000000e+002 4.685380416137405e-002
1.620000000000000e+002 4.521274474542322e-002
1.630000000000000e+002 4.357684944848725e-002
1.640000000000000e+002 4.194230349694203e-002
1.650000000000000e+002 4.034555291569773e-002
1.660000000000000e+002 3.877986149226655e-002
1.670000000000000e+002 3.726576203982605e-002
1.680000000000000e+002 3.576197034805738e-002
1.690000000000000e+002 3.429874917727260e-002
1.700000000000000e+002 3.286784127947968e-002
1.710000000000000e+002 3.150405565006979e-002
1.720000000000000e+002 3.017332940275370e-002
1.730000000000000e+002 2.888792836622701e-002
1.740000000000000e+002 2.763174502981107e-002
1.750000000000000e+002 2.640345676796445e-002
1.760000000000000e+002 2.521136885562109e-002
1.770000000000000e+002 2.406884168502455e-002
1.780000000000000e+002 2.294185469378526e-002
1.790000000000000e+002 2.183844271386677e-002
1.800000000000000e+002 2.075569498562547e-002
1.810000000000000e+002 1.972672069940789e-002
1.820000000000000e+002 1.873174188235754e-002
1.830000000000000e+002 1.775276450797659e-002
1.840000000000000e+002 1.678767236302009e-002
1.850000000000000e+002 1.585867866172362e-002
1.860000000000000e+002 1.495864259717651e-002
1.870000000000000e+002 1.406705968165539e-002
1.880000000000000e+002 1.320124355043594e-002
1.890000000000000e+002 1.236199699261820e-002
1.900000000000000e+002 1.154737406040389e-002
1.910000000000000e+002 1.075147089136059e-002
1.920000000000000e+002 9.982204272230608e-003
1.930000000000000e+002 9.250909269915425e-003
1.940000000000000e+002 8.553859475560087e-003
1.950000000000000e+002 7.912539972342390e-003
1.960000000000000e+002 7.314304733641256e-003
1.970000000000000e+002 6.785369269229918e-003
1.980000000000000e+002 6.328730652491689e-003
1.990000000000000e+002 5.922257222827179e-003
2.000000000000000e+002 5.593676409432874e-003
2.010000000000000e+002 5.320400281042722e-003
2.020000000000000e+002 5.096206333183135e-003
2.030000000000000e+002 4.911085541729966e-003
2.040000000000000e+002 4.772110555921936e-003
2.050000000000000e+002 4.657287263186295e-003
2.060000000000000e+002 4.552266533903724e-003
2.070000000000000e+002 4.452894243953232e-003
2.080000000000000e+002 4.360317362474648e-003
2.090000000000000e+002 4.268578391889695e-003
2.100000000000000e+002 4.162941247530191e-003
2.110000000000000e+002 4.050872885107209e-003
2.120000000000000e+002 3.921296340272342e-003
2.130000000000000e+002 3.788067892613329e-003
2.140000000000000e+002 3.651236698322948e-003
2.150000000000000e+002 3.516337266667174e-003
2.160000000000000e+002 3.379907908443425e-003
2.170000000000000e+002 3.245616929625347e-003
2.180000000000000e+002 3.107627302282623e-003
2.190000000000000e+002 2.974559976806289e-003
2.200000000000000e+002 2.839439893238936e-003
2.210000000000000e+002 2.705801235718795e-003
2.220000000000000e+002 2.568818849581845e-003
2.230000000000000e+002 2.427372697747500e-003
2.240000000000000e+002 2.286974560152615e-003
2.250000000000000e+002 2.141418977975779e-003
2.260000000000000e+002 1.993157111333295e-003
2.270000000000000e+002 1.845795379203242e-003
2.280000000000000e+002 1.705194884800715e-003
2.290000000000000e+002 1.566301774033925e-003
2.300000000000000e+002 1.435379117981072e-003
2.310000000000000e+002 1.303859115391772e-003
2.320000000000000e+002 1.195745787612914e-003
2.330000000000000e+002 1.091903463901631e-003
2.340000000000000e+002 1.001762207795540e-003
2.350000000000000e+002 9.196020625879327e-004
2.360000000000000e+002 8.429106597187722e-004
2.370000000000000e+002 7.752139331815324e-004
2.380000000000000e+002 7.128899274465749e-004
2.390000000000000e+002 6.565267587236842e-004
2.400000000000000e+002 6.031662706964411e-004
2.410000000000000e+002 5.482418656526128e-004
2.420000000000000e+002 5.005433814020514e-004
2.430000000000000e+002 4.586379486680382e-004
2.440000000000000e+002 4.225029160324134e-004
2.450000000000000e+002 3.880211695573780e-004
2.460000000000000e+002 3.608423580702219e-004
2.470000000000000e+002 3.357590946396489e-004
2.480000000000000e+002 3.181014486090843e-004
2.490000000000000e+002 3.049448785523883e-004
2.500000000000000e+002 2.943683686087447e-004
2.510000000000000e+002 2.898300412523707e-004
2.520000000000000e+002 2.883460998981038e-004
2.530000000000000e+002 2.892720968777396e-004
2.540000000000000e+002 2.924017987904223e-004
2.550000000000000e+002 2.958871691419951e-004
2.560000000000000e+002 2.986087676094124e-004
2.570000000000000e+002 3.036828101346023e-004
2.580000000000000e+002 3.075629605762349e-004
2.590000000000000e+002 3.108452591104258e-004
2.600000000000000e+002 3.134406999623611e-004
2.610000000000000e+002 3.145571354798455e-004
2.620000000000000e+002 3.128696320435905e-004
2.630000000000000e+002 3.124991006998058e-004
2.640000000000000e+002 3.114575331043201e-004
2.650000000000000e+002 3.090754571164082e-004
2.660000000000000e+002 3.062831626865177e-004
2.670000000000000e+002 3.023370522872636e-004
2.680000000000000e+002 2.975959682133667e-004
2.690000000000000e+002 2.920740919568323e-004
2.700000000000000e+002 2.857932018631774e-004
2.710000000000000e+002 2.784609009452619e-004
2.720000000000000e+002 2.709416764470555e-004
2.730000000000000e+002 2.625947950212678e-004
2.740000000000000e+002 2.540991365398423e-004
2.750000000000000e+002 2.454025554694521e-004
2.760000000000000e+002 2.366651581031081e-004
2.770000000000000e+002 2.278266860159523e-004
2.780000000000000e+002 2.186427860375613e-004
2.790000000000000e+002 2.104641792860137e-004
2.800000000000000e+002 2.010361149686787e-004
2.810000000000000e+002 1.930883699066904e-004
2.820000000000000e+002 1.851145145808437e-004
2.830000000000000e+002 1.771602801095059e-004
2.840000000000000e+002 1.692726186345109e-004
2.850000000000000e+002 1.613373797866343e-004
2.860000000000000e+002 1.538388875273538e-004
2.870000000000000e+002 1.467898382874914e-004
2.880000000000000e+002 1.403079070047347e-004
2.890000000000000e+002 1.339973567423634e-004
2.900000000000000e+002 1.284141283537058e-004
2.910000000000000e+002 1.235720721139380e-004
2.920000000000000e+002 1.197700113662220e-004
2.930000000000000e+002 1.164851977964493e-004
2.940000000000000e+002 1.136519054238816e-004
2.950000000000000e+002 1.108240356143466e-004
2.960000000000000e+002 1.086570094802551e-004
2.970000000000000e+002 1.061826249375683e-004
2.980000000000000e+002 1.040208349671043e-004
2.990000000000000e+002 1.015836178308074e-004
3.000000000000000e+002 9.879415870379066e-005
3.010000000000000e+002 9.526441636711163e-005
3.020000000000000e+002 9.176030523438401e-005
3.030000000000000e+002 8.777192140425561e-005
3.040000000000000e+002 8.332566080351219e-005
3.050000000000000e+002 7.812504027813024e-005
3.060000000000000e+002 7.301440007029395e-005
3.070000000000000e+002 6.721635204121331e-005
3.080000000000000e+002 6.161227154203093e-005
3.090000000000000e+002 5.579351559812670e-005
3.100000000000000e+002 4.987656812846713e-005
3.110000000000000e+002 4.397969270516185e-005
3.120000000000000e+002 3.821978405768439e-005
3.130000000000000e+002 3.270752265154616e-005
3.140000000000000e+002 2.754163457957545e-005
3.150000000000000e+002 2.280329050493319e-005
3.160000000000000e+002 1.822841223485644e-005
3.170000000000000e+002 1.461841846256498e-005
3.180000000000000e+002 1.149740730483544e-005
3.190000000000000e+002 8.865766224148185e-006
3.200000000000000e+002 6.373801240533554e-006
3.210000000000000e+002 4.757748565292493e-006
3.220000000000000e+002 3.475339769636626e-006
3.230000000000000e+002 2.484196045058298e-006
3.240000000000000e+002 1.737669884818314e-006
3.250000000000000e+002 1.189437141323124e-006
3.260000000000000e+002 7.967251550666937e-007
3.270000000000000e+002 5.222378872692444e-007
3.280000000000000e+002 0.000000000000000e+000
3.290000000000000e+002 0.000000000000000e+000
3.300000000000000e+002 0.000000000000000e+000
3.310000000000000e+002 0.000000000000000e+000
3.320000000000000e+002 0.000000000000000e+000
3.330000000000000e+002 0.000000000000000e+000
3.340000000000000e+002 0.000000000000000e+000
3.350000000000000e+002 0.000000000000000e+000
3.360000000000000e+002 0.000000000000000e+000
3.370000000000000e+002 0.000000000000000e+000
3.380000000000000e+002 0.000000000000000e+000
3.390000000000000e+002 0.000000000000000e+000
3.400000000000000e+002 0.000000000000000e+000
3.410000000000000e+002 0.000000000000000e+000
3.420000000000000e+002 0.000000000000000e+000
3.430000000000000e+002 0.000000000000000e+000
3.440000000000000e+002 0.000000000000000e+000
3.450000000000000e+002 0.000000000000000e+000
3.460000000000000e+002 0.000000000000000e+000
3.470000000000000e+002 0.000000000000000e+000
3.480000000000000e+002 0.000000000000000e+000
3.490000000000000e+002 0.000000000000000e+000
3.500000000000000e+002 0.000000000000000e+000
3.510000000000000e+002 0.000000000000000e+000
3.520000000000000e+002 0.000000000000000e+000
3.530000000000000e+002 0.000000000000000e+000
3.540000000000000e+002 0.000000000000000e+000
