-3.530000000000000e+002 0.000000000000000e+000
-3.520000000000000e+002 0.000000000000000e+000
-3.510000000000000e+002 0.000000000000000e+000
-3.500000000000000e+002 0.000000000000000e+000
-3.490000000000000e+002 0.000000000000000e+000
-3.480000000000000e+002 0.000000000000000e+000
-3.470000000000000e+002 0.000000000000000e+000
-3.460000000000000e+002 0.000000000000000e+000
-3.450000000000000e+002 0.000000000000000e+000
-3.440000000000000e+002 0.000000000000000e+000
-3.430000000000000e+002 0.000000000000000e+000
-3.420000000000000e+002 0.000000000000000e+000
-3.410000000000000e+002 0.000000000000000e+000
-3.400000000000000e+002 0.000000000000000e+000
-3.390000000000000e+002 0.000000000000000e+000
-3.380000000000000e+002 0.000000000000000e+000
-3.370000000000000e+002 0.000000000000000e+000
-3.360000000000000e+002 0.000000000000000e+000
-3.350000000000000e+002 0.000000000000000e+000
-3.340000000000000e+002 0.000000000000000e+000
-3.330000000000000e+002 0.000000000000000e+000
-3.320000000000000e+002 0.000000000000000e+000
-3.310000000000000e+002 0.000000000000000e+000
-3.300000000000000e+002 0.000000000000000e+000
-3.290000000000000e+002 0.000000000000000e+000
-3.280000000000000e+002 0.000000000000000e+000
-3.270000000000000e+002 0.000000000000000e+000
-3.260000000000000e+002 0.000000000000000e+000
-3.250000000000000e+002 0.000000000000000e+000
-3.240000000000000e+002 0.000000000000000e+000
-3.230000000000000e+002 0.000000000000000e+000
-3.220000000000000e+002 0.000000000000000e+000
-3.210000000000000e+002 0.000000000000000e+000
-3.200000000000000e+002 0.000000000000000e+000
-3.190000000000000e+002 0.000000000000000e+000
-3.180000000000000e+002 0.000000000000000e+000
-3.170000000000000e+002 0.000000000000000e+000
-3.160000000000000e+002 0.000000000000000e+000
-3.150000000000000e+002 0.000000000000000e+000
-3.140000000000000e+002 0.000000000000000e+000
-3.130000000000000e+002 0.000000000000000e+000
-3.120000000000000e+002 0.000000000000000e+000
-3.110000000000000e+002 0.000000000000000e+000
-3.100000000000000e+002 0.000000000000000e+000
-3.090000000000000e+002 0.000000000000000e+000
-3.080000000000000e+002 0.000000000000000e+000
-3.070000000000000e+002 0.000000000000000e+000
-3.060000000000000e+002 0.000000000000000e+000
-3.050000000000000e+002 0.000000000000000e+000
-3.040000000000000e+002 0.000000000000000e+000
-3.030000000000000e+002 0.000000000000000e+000
-3.020000000000000e+002 0.000000000000000e+000
-3.010000000000000e+002 0.000000000000000e+000
-3.000000000000000e+002 0.000000000000000e+000
-2.990000000000000e+002 0.000000000000000e+000
-2.980000000000000e+002 0.000000000000000e+000
-2.970000000000000e+002 0.000000000000000e+000
-2.960000000000000e+002 0.000000000000000e+000
-2.950000000000000e+002 0.000000000000000e+000
-2.940000000000000e+002 0.000000000000000e+000
-2.930000000000000e+002 0.000000000000000e+000
-2.920000000000000e+002 0.000000000000000e+000
-2.910000000000000e+002 0.000000000000000e+000
-2.900000000000000e+002 0.000000000000000e+000
-2.890000000000000e+002 0.000000000000000e+000
-2.880000000000000e+002 0.000000000000000e+000
-2.870000000000000e+002 0.000000000000000e+000
-2.860000000000000e+002 0.000000000000000e+000
-2.850000000000000e+002 0.000000000000000e+000
-2.840000000000000e+002 0.000000000000000e+000
-2.830000000000000e+002 0.000000000000000e+000
-2.820000000000000e+002 0.000000000000000e+000
-2.810000000000000e+002 0.000000000000000e+000
-2.800000000000000e+002 0.000000000000000e+000
-2.790000000000000e+002 0.000000000000000e+000
-2.780000000000000e+002 0.000000000000000e+000
-2.770000000000000e+002 0.000000000000000e+000
-2.760000000000000e+002 0.000000000000000e+000
-2.750000000000000e+002 0.000000000000000e+000
-2.740000000000000e+002 0.000000000000000e+000
-2.730000000000000e+002 0.000000000000000e+000
-2.720000000000000e+002 0.000000000000000e+000
-2.710000000000000e+002 0.000000000000000e+000
-2.700000000000000e+002 0.000000000000000e+000
-2.690000000000000e+002 0.000000000000000e+000
-2.680000000000000e+002 0.000000000000000e+000
-2.670000000000000e+002 0.000000000000000e+000
-2.660000000000000e+002 0.000000000000000e+000
-2.650000000000000e+002 0.000000000000000e+000
-2.640000000000000e+002 0.000000000000000e+000
-2.630000000000000e+002 0.000000000000000e+000
-2.620000000000000e+002 0.000000000000000e+000
-2.610000000000000e+002 0.000000000000000e+000
-2.600000000000000e+002 0.000000000000000e+000
-2.590000000000000e+002 0.000000000000000e+000
-2.580000000000000e+002 0.000000000000000e+000
-2.570000000000000e+002 0.000000000000000e+000
-2.560000000000000e+002 0.000000000000000e+000
-2.550000000000000e+002 0.000000000000000e+000
-2.540000000000000e+002 0.000000000000000e+000
-2.530000000000000e+002 0.000000000000000e+000
-2.520000000000000e+002 0.000000000000000e+000
-2.510000000000000e+002 0.000000000000000e+000
-2.500000000000000e+002 0.000000000000000e+000
-2.490000000000000e+002 0.000000000000000e+000
-2.480000000000000e+002 0.000000000000000e+000
-2.470000000000000e+002 0.000000000000000e+000
-2.460000000000000e+002 0.000000000000000e+000
-2.450000000000000e+002 0.000000000000000e+000
-2.440000000000000e+002 0.000000000000000e+000
-2.430000000000000e+002 0.000000000000000e+000
-2.420000000000000e+002 0.000000000000000e+000
-2.410000000000000e+002 0.000000000000000e+000
-2.400000000000000e+002 0.000000000000000e+000
-2.390000000000000e+002 0.000000000000000e+000
-2.380000000000000e+002 0.000000000000000e+000
-2.370000000000000e+002 0.000000000000000e+000
-2.360000000000000e+002 0.000000000000000e+000
-2.350000000000000e+002 0.000000000000000e+000
-2.340000000000000e+002 0.000000000000000e+000
-2.330000000000000e+002 0.000000000000000e+000
-2.320000000000000e+002 0.000000000000000e+000
-2.310000000000000e+002 0.000000000000000e+000
-2.300000000000000e+002 0.000000000000000e+000
-2.290000000000000e+002 0.000000000000000e+000
-2.280000000000000e+002 0.000000000000000e+000
-2.270000000000000e+002 0.000000000000000e+000
-2.260000000000000e+002 0.000000000000000e+000
-2.250000000000000e+002 0.000000000000000e+000
-2.240000000000000e+002 0.000000000000000e+000
-2.230000000000000e+002 0.000000000000000e+000
-2.220000000000000e+002 0.000000000000000e+000
-2.210000000000000e+002 0.000000000000000e+000
-2.200000000000000e+002 0.000000000000000e+000
-2.190000000000000e+002 0.000000000000000e+000
-2.180000000000000e+002 0.000000000000000e+000
-2.170000000000000e+002 0.000000000000000e+000
-2.160000000000000e+002 0.000000000000000e+000
-2.150000000000000e+002 0.000000000000000e+000
-2.140000000000000e+002 0.000000000000000e+000
-2.130000000000000e+002 0.000000000000000e+000
-2.120000000000000e+002 0.000000000000000e+000
-2.110000000000000e+002 0.000000000000000e+000
-2.100000000000000e+002 0.000000000000000e+000
-2.090000000000000e+002 0.000000000000000e+000
-2.080000000000000e+002 0.000000000000000e+000
-2.070000000000000e+002 0.000000000000000e+000
-2.060000000000000e+002 0.000000000000000e+000
-2.050000000000000e+002 0.000000000000000e+000
-2.040000000000000e+002 3.338155304680329e-004
-2.030000000000000e+002 5.092683559718384e-004
-2.020000000000000e+002 1.375521991347572e-003
-2.010000000000000e+002 2.758469459817200e-003
-2.000000000000000e+002 7.249162957754432e-003
-1.990000000000000e+002 1.576798540990365e-002
-1.980000000000000e+002 2.960481329677079e-002
-1.970000000000000e+002 5.194975727290728e-002
-1.960000000000000e+002 8.575431995057246e-002
-1.950000000000000e+002 1.358314724142195e-001
-1.940000000000000e+002 2.050442999195942e-001
-1.930000000000000e+002 3.005959871669219e-001
-1.920000000000000e+002 4.310247997576209e-001
-1.910000000000000e+002 6.105373218175080e-001
-1.900000000000000e+002 8.474638536513668e-001
-1.890000000000000e+002 1.158725980637076e+000
-1.880000000000000e+002 1.555051742271844e+000
-1.870000000000000e+002 2.055595538727554e+000
-1.860000000000000e+002 2.681988406425577e+000
-1.850000000000000e+002 3.461263308060546e+000
-1.840000000000000e+002 4.413917422139654e+000
-1.830000000000000e+002 5.565699374618577e+000
-1.820000000000000e+002 6.945027772023625e+000
-1.810000000000000e+002 8.572921074354705e+000
-1.800000000000000e+002 1.047073841920595e+001
-1.790000000000000e+002 1.268975032267080e+001
-1.780000000000000e+002 1.525765472833131e+001
-1.770000000000000e+002 1.820181708736325e+001
-1.760000000000000e+002 2.155693571905426e+001
-1.750000000000000e+002 2.534134555290399e+001
-1.740000000000000e+002 2.957055619528312e+001
-1.730000000000000e+002 3.425772050105280e+001
-1.720000000000000e+002 3.941743445425319e+001
-1.710000000000000e+002 4.502819614522266e+001
-1.700000000000000e+002 5.107286006900842e+001
-1.690000000000000e+002 5.755264244562958e+001
-1.680000000000000e+002 6.439138853877759e+001
-1.670000000000000e+002 7.152434713879620e+001
-1.660000000000000e+002 7.889030407813290e+001
-1.650000000000000e+002 8.638874925667946e+001
-1.640000000000000e+002 9.393420845957296e+001
-1.630000000000000e+002 1.014207074580368e+002
-1.620000000000000e+002 1.087694270034850e+002
-1.610000000000000e+002 1.159090342221911e+002
-1.600000000000000e+002 1.227428202148226e+002
-1.590000000000000e+002 1.292108244343435e+002
-1.580000000000000e+002 1.352619528223939e+002
-1.570000000000000e+002 1.408431995344546e+002
-1.560000000000000e+002 1.459439674804427e+002
-1.550000000000000e+002 1.505661316452038e+002
-1.540000000000000e+002 1.547073212793097e+002
-1.530000000000000e+002 1.583836623114785e+002
-1.520000000000000e+002 1.616235806312563e+002
-1.510000000000000e+002 1.644523495154909e+002
-1.500000000000000e+002 1.668614266540857e+002
-1.490000000000000e+002 1.688908855859464e+002
-1.480000000000000e+002 1.705243719922678e+002
-1.470000000000000e+002 1.717682382214251e+002
-1.460000000000000e+002 1.725825399453398e+002
-1.450000000000000e+002 1.729535337167673e+002
-1.440000000000000e+002 1.728324517256091e+002
-1.430000000000000e+002 1.722028404416793e+002
-1.420000000000000e+002 1.710310084846927e+002
-1.410000000000000e+002 1.692946301574536e+002
-1.400000000000000e+002 1.669848369130330e+002
-1.390000000000000e+002 1.641098233628404e+002
-1.380000000000000e+002 1.606706446285814e+002
-1.370000000000000e+002 1.567306932813607e+002
-1.360000000000000e+002 1.523458162112280e+002
-1.350000000000000e+002 1.475942685822504e+002
-1.340000000000000e+002 1.425740117866265e+002
-1.330000000000000e+002 1.373801924928453e+002
-1.320000000000000e+002 1.321069355734723e+002
-1.310000000000000e+002 1.268256752567013e+002
-1.300000000000000e+002 1.216458693343549e+002
-1.290000000000000e+002 1.166162911456706e+002
-1.280000000000000e+002 1.117815444609018e+002
-1.270000000000000e+002 1.072165927005208e+002
-1.260000000000000e+002 1.029429386364601e+002
-1.250000000000000e+002 9.895631242740038e+001
-1.240000000000000e+002 9.527844677538552e+001
-1.230000000000000e+002 9.189087444506660e+001
-1.220000000000000e+002 8.879180412612935e+001
-1.210000000000000e+002 8.595506858182466e+001
-1.200000000000000e+002 8.335511262560361e+001
-1.190000000000000e+002 8.100995900462048e+001
-1.180000000000000e+002 7.888442199041756e+001
-1.170000000000000e+002 7.698842764096929e+001
-1.160000000000000e+002 7.531201990934395e+001
-1.150000000000000e+002 7.381975441608293e+001
-1.140000000000000e+002 7.250558327449546e+001
-1.130000000000000e+002 7.135180774553018e+001
-1.120000000000000e+002 7.034235743655852e+001
-1.110000000000000e+002 6.943524744764142e+001
-1.100000000000000e+002 6.861218983341314e+001
-1.090000000000000e+002 6.787926041626298e+001
-1.080000000000000e+002 6.717009732479872e+001
-1.070000000000000e+002 6.649028698805049e+001
-1.060000000000000e+002 6.581125660857556e+001
-1.050000000000000e+002 6.510968938601299e+001
-1.040000000000000e+002 6.435788456712451e+001
-1.030000000000000e+002 6.355784070828008e+001
-1.020000000000000e+002 6.268823559933178e+001
-1.010000000000000e+002 6.174352318442923e+001
-1.000000000000000e+002 6.071516634889359e+001
-9.900000000000000e+001 5.959793104846142e+001
-9.800000000000000e+001 5.837650151563490e+001
-9.700000000000000e+001 5.704269621633843e+001
-9.600000000000000e+001 5.557176209187131e+001
-9.500000000000000e+001 5.396531923930434e+001
-9.400000000000000e+001 5.220358282374819e+001
-9.300000000000000e+001 5.027929795947116e+001
-9.200000000000000e+001 4.818716547514885e+001
-9.100000000000000e+001 4.592842806189147e+001
-9.000000000000000e+001 4.351831505330305e+001
-8.900000000000000e+001 4.096248368845701e+001
-8.800000000000000e+001 3.829917680056018e+001
-8.700000000000000e+001 3.554637241603273e+001
-8.600000000000000e+001 3.275052084402051e+001
-8.500000000000000e+001 2.995626338124199e+001
-8.400000000000000e+001 2.721021115041510e+001
-8.300000000000000e+001 2.454915245687192e+001
-8.200000000000000e+001 2.201389499626236e+001
-8.100000000000000e+001 1.963301719250983e+001
-8.000000000000000e+001 1.742815558599972e+001
-7.900000000000000e+001 1.541788886974247e+001
-7.800000000000000e+001 1.360079118911676e+001
-7.700000000000000e+001 1.198547393157754e+001
-7.600000000000000e+001 1.054260014302796e+001
-7.500000000000000e+001 9.270345209269593e+000
-7.400000000000000e+001 8.152660530116570e+000
-7.300000000000000e+001 7.156808070336851e+000
-7.200000000000000e+001 6.275329499706920e+000
-7.100000000000000e+001 5.485522555632158e+000
-7.000000000000000e+001 4.782503459931885e+000
-6.900000000000000e+001 4.146849247999691e+000
-6.800000000000000e+001 3.563926008874025e+000
-6.700000000000000e+001 3.044886894685267e+000
-6.600000000000000e+001 2.574269389404539e+000
-6.500000000000000e+001 2.151182949395816e+000
-6.400000000000000e+001 1.791021273154202e+000
-6.300000000000000e+001 1.479226587392235e+000
-6.200000000000000e+001 1.209988784542322e+000
-6.100000000000000e+001 9.793759729758319e-001
-6.000000000000000e+001 7.871585952204423e-001
-5.900000000000000e+001 6.295014961827848e-001
-5.800000000000000e+001 5.024167742726555e-001
-5.700000000000000e+001 4.036330654560983e-001
-5.600000000000000e+001 3.261630546170658e-001
-5.500000000000000e+001 2.689204714887167e-001
-5.400000000000000e+001 2.246883437790251e-001
-5.300000000000000e+001 1.918279984011569e-001
-5.200000000000000e+001 1.658271374113128e-001
-5.100000000000000e+001 1.468131362378549e-001
-5.000000000000000e+001 1.314199914707841e-001
-4.900000000000000e+001 1.196615630493997e-001
-4.800000000000000e+001 1.080586374221422e-001
-4.700000000000000e+001 9.705136113895727e-002
-4.600000000000000e+001 8.716615714076889e-002
-4.500000000000000e+001 7.691393622582160e-002
-4.400000000000000e+001 6.695837248293356e-002
-4.300000000000000e+001 5.722519419905303e-002
-4.200000000000000e+001 4.807770759198522e-002
-4.100000000000000e+001 3.955081453056238e-002
-4.000000000000000e+001 3.204501253670394e-002
-3.900000000000000e+001 2.552126644564682e-002
-3.800000000000000e+001 1.996418170635702e-002
-3.700000000000000e+001 1.534215087045186e-002
-3.600000000000000e+001 1.158475838891266e-002
-3.500000000000000e+001 8.545020653033187e-003
-3.400000000000000e+001 6.186332143245124e-003
-3.300000000000000e+001 4.308517401089006e-003
-3.200000000000000e+001 2.900409406801904e-003
-3.100000000000000e+001 1.935275554379586e-003
-3.000000000000000e+001 1.176726250718271e-003
-2.900000000000000e+001 5.395085165925804e-004
-2.800000000000000e+001 3.165802028340353e-004
-2.700000000000000e+001 2.199917579745628e-004
-2.600000000000000e+001 1.497512371081829e-004
-2.500000000000000e+001 6.039149116681456e-005
-2.400000000000000e+001 4.045225972266666e-005
-2.300000000000000e+001 2.651567170747077e-005
-2.200000000000000e+001 0.000000000000000e+000
-2.100000000000000e+001 0.000000000000000e+000
-2.000000000000000e+001 3.747150708796900e+000
-1.900000000000000e+001 5.716646191901640e+000
-1.800000000000000e+001 8.534425279796780e+000
-1.700000000000000e+001 1.246809375436027e+001
-1.600000000000000e+001 1.782455313555507e+001
-1.500000000000000e+001 2.493618750872054e+001
-1.400000000000000e+001 3.413770111918715e+001
-1.300000000000000e+001 4.573316953521307e+001
-1.200000000000000e+001 5.995441134075041e+001
-1.100000000000000e+001 7.691371664070222e+001
-1.000000000000000e+001 9.655599982198724e+001
-9.000000000000000e+000 1.186171664256498e+002
-8.000000000000000e+000 1.425964250844403e+002
-7.000000000000000e+000 1.677500054894204e+002
-6.000000000000000e+000 1.931119996439746e+002
-5.000000000000000e+000 2.175448424116044e+002
-4.000000000000000e+000 2.398176453630016e+002
-3.000000000000000e+000 2.587058744280257e+002
-2.000000000000000e+000 2.731016089534970e+002
-1.000000000000000e+000 2.821207565496891e+002
0.000000000000000e+000 2.851928501688809e+002
1.000000000000000e+000 2.821207565496891e+002
2.000000000000000e+000 2.731016089534970e+002
3.000000000000000e+000 2.587058744280257e+002
4.000000000000000e+000 2.398176453630016e+002
5.000000000000000e+000 2.175448424116044e+002
6.000000000000000e+000 1.931119996439746e+002
7.000000000000000e+000 1.677500054894204e+002
8.000000000000000e+000 1.425964250844404e+002
9.000000000000000e+000 1.186171664256498e+002
1.000000000000000e+001 9.655599982198724e+001
1.100000000000000e+001 7.691371664070215e+001
1.200000000000000e+001 5.995441134075041e+001
1.300000000000000e+001 4.573316953521310e+001
1.400000000000000e+001 3.413770111918712e+001
1.500000000000000e+001 2.493618750872054e+001
1.600000000000000e+001 1.782455313555505e+001
1.700000000000000e+001 1.246809375436027e+001
1.800000000000000e+001 8.534425279796785e+000
1.900000000000000e+001 5.716646191901635e+000
2.000000000000000e+001 3.747150708796900e+000
2.100000000000000e+001 0.000000000000000e+000
2.200000000000000e+001 0.000000000000000e+000
2.300000000000000e+001 0.000000000000000e+000
2.400000000000000e+001 0.000000000000000e+000
2.500000000000000e+001 0.000000000000000e+000
2.600000000000000e+001 0.000000000000000e+000
2.700000000000000e+001 0.000000000000000e+000
2.800000000000000e+001 0.000000000000000e+000
2.900000000000000e+001 0.000000000000000e+000
3.000000000000000e+001 0.000000000000000e+000
3.100000000000000e+001 0.000000000000000e+000
3.200000000000000e+001 0.000000000000000e+000
3.300000000000000e+001 0.000000000000000e+000
3.400000000000000e+001 0.000000000000000e+000
3.500000000000000e+001 0.000000000000000e+000
3.600000000000000e+001 0.000000000000000e+000
3.700000000000000e+001 0.000000000000000e+000
3.800000000000000e+001 0.000000000000000e+000
3.900000000000000e+001 0.000000000000000e+000
4.000000000000000e+001 0.000000000000000e+000
4.100000000000000e+001 0.000000000000000e+000
4.200000000000000e+001 0.000000000000000e+000
4.300000000000000e+001 0.000000000000000e+000
4.400000000000000e+001 0.000000000000000e+000
4.500000000000000e+001 0.000000000000000e+000
4.600000000000000e+001 0.000000000000000e+000
4.700000000000000e+001 0.000000000000000e+000
4.800000000000000e+001 0.000000000000000e+000
4.900000000000000e+001 0.000000000000000e+000
5.000000000000000e+001 0.000000000000000e+000
5.100000000000000e+001 0.000000000000000e+000
5.200000000000000e+001 0.000000000000000e+000
5.300000000000000e+001 0.000000000000000e+000
5.400000000000000e+001 0.000000000000000e+000
5.500000000000000e+001 0.000000000000000e+000
5.600000000000000e+001 0.000000000000000e+000
5.700000000000000e+001 0.000000000000000e+000
5.800000000000000e+001 0.000000000000000e+000
5.900000000000000e+001 0.000000000000000e+000
6.000000000000000e+001 0.000000000000000e+000
6.100000000000000e+001 0.000000000000000e+000
6.200000000000000e+001 0.000000000000000e+000
6.300000000000000e+001 0.000000000000000e+000
6.400000000000000e+001 0.000000000000000e+000
6.500000000000000e+001 0.000000000000000e+000
6.600000000000000e+001 0.000000000000000e+000
6.700000000000000e+001 0.000000000000000e+000
6.800000000000000e+001 0.000000000000000e+000
6.900000000000000e+001 0.000000000000000e+000
7.000000000000000e+001 0.000000000000000e+000
7.100000000000000e+001 0.000000000000000e+000
7.200000000000000e+001 0.000000000000000e+000
7.300000000000000e+001 0.000000000000000e+000
7.400000000000000e+001 0.000000000000000e+000
7.500000000000000e+001 0.000000000000000e+000
7.600000000000000e+001 0.000000000000000e+000
7.700000000000000e+001 0.000000000000000e+000
7.800000000000000e+001 0.000000000000000e+000
7.900000000000000e+001 0.000000000000000e+000
8.000000000000000e+001 0.000000000000000e+000
8.100000000000000e+001 0.000000000000000e+000
8.200000000000000e+001 0.000000000000000e+000
8.300000000000000e+001 0.000000000000000e+000
8.400000000000000e+001 0.000000000000000e+000
8.500000000000000e+001 0.000000000000000e+000
8.600000000000000e+001 0.000000000000000e+000
8.700000000000000e+001 0.000000000000000e+000
8.800000000000000e+001 0.000000000000000e+000
8.900000000000000e+001 0.000000000000000e+000
9.000000000000000e+001 0.000000000000000e+000
9.100000000000000e+001 0.000000000000000e+000
9.200000000000000e+001 0.000000000000000e+000
9.300000000000000e+001 0.000000000000000e+000
9.400000000000000e+001 0.000000000000000e+000
9.500000000000000e+001 0.000000000000000e+000
9.600000000000000e+001 0.000000000000000e+000
9.700000000000000e+001 0.000000000000000e+000
9.800000000000000e+001 0.000000000000000e+000
9.900000000000000e+001 0.000000000000000e+000
1.000000000000000e+002 0.000000000000000e+000
1.010000000000000e+002 0.000000000000000e+000
1.020000000000000e+002 0.000000000000000e+000
1.030000000000000e+002 0.000000000000000e+000
1.040000000000000e+002 0.000000000000000e+000
1.050000000000000e+002 0.000000000000000e+000
1.060000000000000e+002 0.000000000000000e+000
1.070000000000000e+002 0.000000000000000e+000
1.080000000000000e+002 0.000000000000000e+000
1.090000000000000e+002 0.000000000000000e+000
1.100000000000000e+002 0.000000000000000e+000
1.110000000000000e+002 0.000000000000000e+000
1.120000000000000e+002 0.000000000000000e+000
1.130000000000000e+002 0.000000000000000e+000
1.140000000000000e+002 0.000000000000000e+000
1.150000000000000e+002 0.000000000000000e+000
1.160000000000000e+002 0.000000000000000e+000
1.170000000000000e+002 0.000000000000000e+000
1.180000000000000e+002 0.000000000000000e+000
1.190000000000000e+002 0.000000000000000e+000
1.200000000000000e+002 0.000000000000000e+000
1.210000000000000e+002 0.000000000000000e+000
1.220000000000000e+002 0.000000000000000e+000
1.230000000000000e+002 0.000000000000000e+000
1.240000000000000e+002 0.000000000000000e+000
1.250000000000000e+002 0.000000000000000e+000
1.260000000000000e+002 0.000000000000000e+000
1.270000000000000e+002 0.000000000000000e+000
1.280000000000000e+002 0.000000000000000e+000
1.290000000000000e+002 0.000000000000000e+000
1.300000000000000e+002 0.000000000000000e+000
1.310000000000000e+002 0.000000000000000e+000
1.320000000000000e+002 0.000000000000000e+000
1.330000000000000e+002 0.000000000000000e+000
1.340000000000000e+002 0.000000000000000e+000
1.350000000000000e+002 0.000000000000000e+000
1.360000000000000e+002 0.000000000000000e+000
1.370000000000000e+002 0.000000000000000e+000
1.380000000000000e+002 0.000000000000000e+000
1.390000000000000e+002 0.000000000000000e+000
1.400000000000000e+002 0.000000000000000e+000
1.410000000000000e+002 0.000000000000000e+000
1.420000000000000e+002 0.000000000000000e+000
1.430000000000000e+002 0.000000000000000e+000
1.440000000000000e+002 0.000000000000000e+000
1.450000000000000e+002 0.000000000000000e+000
1.460000000000000e+002 0.000000000000000e+000
1.470000000000000e+002 0.000000000000000e+000
1.480000000000000e+002 0.000000000000000e+000
1.490000000000000e+002 0.000000000000000e+000
1.500000000000000e+002 0.000000000000000e+000
1.510000000000000e+002 0.000000000000000e+000
1.520000000000000e+002 0.000000000000000e+000
1.530000000000000e+002 0.000000000000000e+000
1.540000000000000e+002 0.000000000000000e+000
1.550000000000000e+002 0.000000000000000e+000
1.560000000000000e+002 0.000000000000000e+000
1.570000000000000e+002 0.000000000000000e+000
1.580000000000000e+002 0.000000000000000e+000
1.590000000000000e+002 0.000000000000000e+000
1.600000000000000e+002 0.000000000000000e+000
1.610000000000000e+002 0.000000000000000e+000
1.620000000000000e+002 0.000000000000000e+000
1.630000000000000e+002 0.000000000000000e+000
1.640000000000000e+002 0.000000000000000e+000
1.650000000000000e+002 0.000000000000000e+000
1.660000000000000e+002 0.000000000000000e+000
1.670000000000000e+002 0.000000000000000e+000
1.680000000000000e+002 0.000000000000000e+000
1.690000000000000e+002 0.000000000000000e+000
1.700000000000000e+002 0.000000000000000e+000
1.710000000000000e+002 0.000000000000000e+000
1.720000000000000e+002 0.000000000000000e+000
1.730000000000000e+002 0.000000000000000e+000
1.740000000000000e+002 0.000000000000000e+000
1.750000000000000e+002 0.000000000000000e+000
1.760000000000000e+002 0.000000000000000e+000
1.770000000000000e+002 0.000000000000000e+000
1.780000000000000e+002 0.000000000000000e+000
1.790000000000000e+002 0.000000000000000e+000
1.800000000000000e+002 0.000000000000000e+000
1.810000000000000e+002 0.000000000000000e+000
1.820000000000000e+002 0.000000000000000e+000
1.830000000000000e+002 0.000000000000000e+000
1.840000000000000e+002 0.000000000000000e+000
1.850000000000000e+002 0.000000000000000e+000
1.860000000000000e+002 0.000000000000000e+000
1.870000000000000e+002 0.000000000000000e+000
1.880000000000000e+002 0.000000000000000e+000
1.890000000000000e+002 0.000000000000000e+000
1.900000000000000e+002 0.000000000000000e+000
1.910000000000000e+002 0.000000000000000e+000
1.920000000000000e+002 0.000000000000000e+000
1.930000000000000e+002 0.000000000000000e+000
1.940000000000000e+002 0.000000000000000e+000
1.950000000000000e+002 0.000000000000000e+000
1.960000000000000e+002 0.000000000000000e+000
1.970000000000000e+002 0.000000000000000e+000
1.980000000000000e+002 0.000000000000000e+000
1.990000000000000e+002 0.000000000000000e+000
2.000000000000000e+002 0.000000000000000e+000
2.010000000000000e+002 0.000000000000000e+000
2.020000000000000e+002 0.000000000000000e+000
2.030000000000000e+002 0.000000000000000e+000
2.040000000000000e+002 0.000000000000000e+000
2.050000000000000e+002 0.000000000000000e+000
2.060000000000000e+002 0.000000000000000e+000
2.070000000000000e+002 0.000000000000000e+000
2.080000000000000e+002 0.000000000000000e+000
2.090000000000000e+002 0.000000000000000e+000
2.100000000000000e+002 0.000000000000000e+000
2.110000000000000e+002 0.000000000000000e+000
2.120000000000000e+002 0.000000000000000e+000
2.130000000000000e+002 0.000000000000000e+000
2.140000000000000e+002 0.000000000000000e+000
2.150000000000000e+002 0.000000000000000e+000
2.160000000000000e+002 0.000000000000000e+000
2.170000000000000e+002 0.000000000000000e+000
2.180000000000000e+002 0.000000000000000e+000
2.190000000000000e+002 0.000000000000000e+000
2.200000000000000e+002 0.000000000000000e+000
2.210000000000000e+002 0.000000000000000e+000
2.220000000000000e+002 0.000000000000000e+000
2.230000000000000e+002 0.000000000000000e+000
2.240000000000000e+002 0.000000000000000e+000
2.250000000000000e+002 0.000000000000000e+000
2.260000000000000e+002 0.000000000000000e+000
2.270000000000000e+002 0.000000000000000e+000
2.280000000000000e+002 0.000000000000000e+000
2.290000000000000e+002 0.000000000000000e+000
2.300000000000000e+002 0.000000000000000e+000
2.310000000000000e+002 0.000000000000000e+000
2.320000000000000e+002 0.000000000000000e+000
2.330000000000000e+002 0.000000000000000e+000
2.340000000000000e+002 0.000000000000000e+000
2.350000000000000e+002 0.000000000000000e+000
2.360000000000000e+002 0.000000000000000e+000
2.370000000000000e+002 0.000000000000000e+000
2.380000000000000e+002 0.000000000000000e+000
2.390000000000000e+002 0.000000000000000e+000
2.400000000000000e+002 0.000000000000000e+000
2.410000000000000e+002 0.000000000000000e+000
2.420000000000000e+002 0.000000000000000e+000
2.430000000000000e+002 0.000000000000000e+000
2.440000000000000e+002 0.000000000000000e+000
2.450000000000000e+002 0.000000000000000e+000
2.460000000000000e+002 0.000000000000000e+000
2.470000000000000e+002 0.000000000000000e+000
2.480000000000000e+002 0.000000000000000e+000
2.490000000000000e+002 0.000000000000000e+000
2.500000000000000e+002 0.000000000000000e+000
2.510000000000000e+002 0.000000000000000e+000
2.520000000000000e+002 0.000000000000000e+000
2.530000000000000e+002 0.000000000000000e+000
2.540000000000000e+002 0.000000000000000e+000
2.550000000000000e+002 0.000000000000000e+000
2.560000000000000e+002 0.000000000000000e+000
2.570000000000000e+002 0.000000000000000e+000
2.580000000000000e+002 0.000000000000000e+000
2.590000000000000e+002 0.000000000000000e+000
2.600000000000000e+002 0.000000000000000e+000
2.610000000000000e+002 0.000000000000000e+000
2.620000000000000e+002 0.000000000000000e+000
2.630000000000000e+002 0.000000000000000e+000
2.640000000000000e+002 0.000000000000000e+000
2.650000000000000e+002 0.000000000000000e+000
2.660000000000000e+002 0.000000000000000e+000
2.670000000000000e+002 0.000000000000000e+000
2.680000000000000e+002 0.000000000000000e+000
2.690000000000000e+002 0.000000000000000e+000
2.700000000000000e+002 0.000000000000000e+000
2.710000000000000e+002 0.000000000000000e+000
2.720000000000000e+002 0.000000000000000e+000
2.730000000000000e+002 0.000000000000000e+000
2.740000000000000e+002 0.000000000000000e+000
2.750000000000000e+002 0.000000000000000e+000
2.760000000000000e+002 0.000000000000000e+000
2.770000000000000e+002 0.000000000000000e+000
2.780000000000000e+002 0.000000000000000e+000
2.790000000000000e+002 0.000000000000000e+000
2.800000000000000e+002 0.000000000000000e+000
2.810000000000000e+002 0.000000000000000e+000
2.820000000000000e+002 0.000000000000000e+000
2.830000000000000e+002 0.000000000000000e+000
2.840000000000000e+002 0.000000000000000e+000
2.850000000000000e+002 0.000000000000000e+000
2.860000000000000e+002 0.000000000000000e+000
2.870000000000000e+002 0.000000000000000e+000
2.880000000000000e+002 0.000000000000000e+000
2.890000000000000e+002 0.000000000000000e+000
2.900000000000000e+002 0.000000000000000e+000
2.910000000000000e+002 0.000000000000000e+000
2.920000000000000e+002 0.000000000000000e+000
2.930000000000000e+002 0.000000000000000e+000
2.940000000000000e+002 0.000000000000000e+000
2.950000000000000e+002 0.000000000000000e+000
2.960000000000000e+002 0.000000000000000e+000
2.970000000000000e+002 0.000000000000000e+000
2.980000000000000e+002 0.000000000000000e+000
2.990000000000000e+002 0.000000000000000e+000
3.000000000000000e+002 0.000000000000000e+000
3.010000000000000e+002 0.000000000000000e+000
3.020000000000000e+002 0.000000000000000e+000
3.030000000000000e+002 0.000000000000000e+000
3.040000000000000e+002 0.000000000000000e+000
3.050000000000000e+002 0.000000000000000e+000
3.060000000000000e+002 0.000000000000000e+000
3.070000000000000e+002 0.000000000000000e+000
3.080000000000000e+002 0.000000000000000e+000
3.090000000000000e+002 0.000000000000000e+000
3.100000000000000e+002 0.000000000000000e+000
3.110000000000000e+002 0.000000000000000e+000
3.120000000000000e+002 0.000000000000000e+000
3.130000000000000e+002 0.000000000000000e+000
3.140000000000000e+002 0.000000000000000e+000
3.150000000000000e+002 0.000000000000000e+000
3.160000000000000e+002 0.000000000000000e+000
3.170000000000000e+002 0.000000000000000e+000
3.180000000000000e+002 0.000000000000000e+000
3.190000000000000e+002 0.000000000000000e+000
3.200000000000000e+002 0.000000000000000e+000
3.210000000000000e+002 0.000000000000000e+000
3.220000000000000e+002 0.000000000000000e+000
3.230000000000000e+002 0.000000000000000e+000
3.240000000000000e+002 0.000000000000000e+000
3.250000000000000e+002 0.000000000000000e+000
3.260000000000000e+002 0.000000000000000e+000
3.270000000000000e+002 0.000000000000000e+000
3.280000000000000e+002 0.000000000000000e+000
3.290000000000000e+002 0.000000000000000e+000
3.300000000000000e+002 0.000000000000000e+000
3.310000000000000e+002 0.000000000000000e+000
3.320000000000000e+002 0.000000000000000e+000
3.330000000000000e+002 0.000000000000000e+000
3.340000000000000e+002 0.000000000000000e+000
3.350000000000000e+002 0.000000000000000e+000
3.360000000000000e+002 0.000000000000000e+000
3.370000000000000e+002 0.000000000000000e+000
3.380000000000000e+002 0.000000000000000e+000
3.390000000000000e+002 0.000000000000000e+000
3.400000000000000e+002 0.000000000000000e+000
3.410000000000000e+002 0.000000000000000e+000
3.420000000000000e+002 0.000000000000000e+000
3.430000000000000e+002 0.000000000000000e+000
3.440000000000000e+002 0.000000000000000e+000
3.450000000000000e+002 0.000000000000000e+000
3.460000000000000e+002 0.000000000000000e+000
3.470000000000000e+002 0.000000000000000e+000
3.480000000000000e+002 0.000000000000000e+000
3.490000000000000e+002 0.000000000000000e+000
3.500000000000000e+002 0.000000000000000e+000
3.510000000000000e+002 0.000000000000000e+000
3.520000000000000e+002 0.000000000000000e+000
3.530000000000000e+002 0.000000000000000e+000
3.540000000000000e+002 0.000000000000000e+000
