-3.530000000000000e+002 0.000000000000000e+000
-3.520000000000000e+002 0.000000000000000e+000
-3.510000000000000e+002 0.000000000000000e+000
-3.500000000000000e+002 0.000000000000000e+000
-3.490000000000000e+002 0.000000000000000e+000
-3.480000000000000e+002 0.000000000000000e+000
-3.470000000000000e+002 0.000000000000000e+000
-3.460000000000000e+002 0.000000000000000e+000
-3.450000000000000e+002 0.000000000000000e+000
-3.440000000000000e+002 0.000000000000000e+000
-3.430000000000000e+002 0.000000000000000e+000
-3.420000000000000e+002 0.000000000000000e+000
-3.410000000000000e+002 0.000000000000000e+000
-3.400000000000000e+002 0.000000000000000e+000
-3.390000000000000e+002 0.000000000000000e+000
-3.380000000000000e+002 0.000000000000000e+000
-3.370000000000000e+002 0.000000000000000e+000
-3.360000000000000e+002 0.000000000000000e+000
-3.350000000000000e+002 0.000000000000000e+000
-3.340000000000000e+002 0.000000000000000e+000
-3.330000000000000e+002 0.000000000000000e+000
-3.320000000000000e+002 0.000000000000000e+000
-3.310000000000000e+002 0.000000000000000e+000
-3.300000000000000e+002 0.000000000000000e+000
-3.290000000000000e+002 0.000000000000000e+000
-3.280000000000000e+002 0.000000000000000e+000
-3.270000000000000e+002 0.000000000000000e+000
-3.260000000000000e+002 0.000000000000000e+000
-3.250000000000000e+002 0.000000000000000e+000
-3.240000000000000e+002 0.000000000000000e+000
-3.230000000000000e+002 0.000000000000000e+000
-3.220000000000000e+002 0.000000000000000e+000
-3.210000000000000e+002 0.000000000000000e+000
-3.200000000000000e+002 0.000000000000000e+000
-3.190000000000000e+002 0.000000000000000e+000
-3.180000000000000e+002 0.000000000000000e+000
-3.170000000000000e+002 0.000000000000000e+000
-3.160000000000000e+002 0.000000000000000e+000
-3.150000000000000e+002 0.000000000000000e+000
-3.140000000000000e+002 0.000000000000000e+000
-3.130000000000000e+002 0.000000000000000e+000
-3.120000000000000e+002 0.000000000000000e+000
-3.110000000000000e+002 0.000000000000000e+000
-3.100000000000000e+002 0.000000000000000e+000
-3.090000000000000e+002 0.000000000000000e+000
-3.080000000000000e+002 0.000000000000000e+000
-3.070000000000000e+002 0.000000000000000e+000
-3.060000000000000e+002 0.000000000000000e+000
-3.050000000000000e+002 0.000000000000000e+000
-3.040000000000000e+002 0.000000000000000e+000
-3.030000000000000e+002 0.000000000000000e+000
-3.020000000000000e+002 0.000000000000000e+000
-3.010000000000000e+002 0.000000000000000e+000
-3.000000000000000e+002 0.000000000000000e+000
-2.990000000000000e+002 0.000000000000000e+000
-2.980000000000000e+002 0.000000000000000e+000
-2.970000000000000e+002 0.000000000000000e+000
-2.960000000000000e+002 0.000000000000000e+000
-2.950000000000000e+002 0.000000000000000e+000
-2.940000000000000e+002 0.000000000000000e+000
-2.930000000000000e+002 0.000000000000000e+000
-2.920000000000000e+002 0.000000000000000e+000
-2.910000000000000e+002 0.000000000000000e+000
-2.900000000000000e+002 0.000000000000000e+000
-2.890000000000000e+002 0.000000000000000e+000
-2.880000000000000e+002 0.000000000000000e+000
-2.870000000000000e+002 0.000000000000000e+000
-2.860000000000000e+002 0.000000000000000e+000
-2.850000000000000e+002 0.000000000000000e+000
-2.840000000000000e+002 0.000000000000000e+000
-2.830000000000000e+002 0.000000000000000e+000
-2.820000000000000e+002 0.000000000000000e+000
-2.810000000000000e+002 0.000000000000000e+000
-2.800000000000000e+002 0.000000000000000e+000
-2.790000000000000e+002 0.000000000000000e+000
-2.780000000000000e+002 0.000000000000000e+000
-2.770000000000000e+002 0.000000000000000e+000
-2.760000000000000e+002 0.000000000000000e+000
-2.750000000000000e+002 0.000000000000000e+000
-2.740000000000000e+002 0.000000000000000e+000
-2.730000000000000e+002 0.000000000000000e+000
-2.720000000000000e+002 0.000000000000000e+000
-2.710000000000000e+002 0.000000000000000e+000
-2.700000000000000e+002 0.000000000000000e+000
-2.690000000000000e+002 0.000000000000000e+000
-2.680000000000000e+002 0.000000000000000e+000
-2.670000000000000e+002 0.000000000000000e+000
-2.660000000000000e+002 0.000000000000000e+000
-2.650000000000000e+002 0.000000000000000e+000
-2.640000000000000e+002 0.000000000000000e+000
-2.630000000000000e+002 0.000000000000000e+000
-2.620000000000000e+002 0.000000000000000e+000
-2.610000000000000e+002 0.000000000000000e+000
-2.600000000000000e+002 0.000000000000000e+000
-2.590000000000000e+002 0.000000000000000e+000
-2.580000000000000e+002 0.000000000000000e+000
-2.570000000000000e+002 0.000000000000000e+000
-2.560000000000000e+002 0.000000000000000e+000
-2.550000000000000e+002 0.000000000000000e+000
-2.540000000000000e+002 0.000000000000000e+000
-2.530000000000000e+002 0.000000000000000e+000
-2.520000000000000e+002 0.000000000000000e+000
-2.510000000000000e+002 0.000000000000000e+000
-2.500000000000000e+002 0.000000000000000e+000
-2.490000000000000e+002 0.000000000000000e+000
-2.480000000000000e+002 0.000000000000000e+000
-2.470000000000000e+002 0.000000000000000e+000
-2.460000000000000e+002 0.000000000000000e+000
-2.450000000000000e+002 0.000000000000000e+000
-2.440000000000000e+002 0.000000000000000e+000
-2.430000000000000e+002 0.000000000000000e+000
-2.420000000000000e+002 0.000000000000000e+000
-2.410000000000000e+002 0.000000000000000e+000
-2.400000000000000e+002 0.000000000000000e+000
-2.390000000000000e+002 0.000000000000000e+000
-2.380000000000000e+002 0.000000000000000e+000
-2.370000000000000e+002 0.000000000000000e+000
-2.360000000000000e+002 0.000000000000000e+000
-2.350000000000000e+002 0.000000000000000e+000
-2.340000000000000e+002 0.000000000000000e+000
-2.330000000000000e+002 0.000000000000000e+000
-2.320000000000000e+002 0.000000000000000e+000
-2.310000000000000e+002 0.000000000000000e+000
-2.300000000000000e+002 0.000000000000000e+000
-2.290000000000000e+002 0.000000000000000e+000
-2.280000000000000e+002 0.000000000000000e+000
-2.270000000000000e+002 0.000000000000000e+000
-2.260000000000000e+002 0.000000000000000e+000
-2.250000000000000e+002 0.000000000000000e+000
-2.240000000000000e+002 0.000000000000000e+000
-2.230000000000000e+002 5.710124370198460e-004
-2.220000000000000e+002 4.008527343345666e-003
-2.210000000000000e+002 1.165845334601619e-002
-2.200000000000000e+002 3.153284294651578e-002
-2.190000000000000e+002 6.958334254760659e-002
-2.180000000000000e+002 1.332906186600463e-001
-2.170000000000000e+002 2.294906199391848e-001
-2.160000000000000e+002 3.774078916404914e-001
-2.150000000000000e+002 5.837195623520860e-001
-2.140000000000000e+002 8.708218599691591e-001
-2.130000000000000e+002 1.258114927414424e+000
-2.120000000000000e+002 1.769209187906240e+000
-2.110000000000000e+002 2.433100646182259e+000
-2.100000000000000e+002 3.282198959469575e+000
-2.090000000000000e+002 4.341996022895989e+000
-2.080000000000000e+002 5.636002082269925e+000
-2.070000000000000e+002 7.186003184147252e+000
-2.060000000000000e+002 9.004485246356944e+000
-2.050000000000000e+002 1.110027699729999e+001
-2.040000000000000e+002 1.346791112094930e+001
-2.030000000000000e+002 1.609122571700858e+001
-2.020000000000000e+002 1.895353737653320e+001
-2.010000000000000e+002 2.201515004661196e+001
-2.000000000000000e+002 2.523586412575091e+001
-1.990000000000000e+002 2.856314818261180e+001
-1.980000000000000e+002 3.194964933647378e+001
-1.970000000000000e+002 3.535326048018994e+001
-1.960000000000000e+002 3.873364242041496e+001
-1.950000000000000e+002 4.207056963761014e+001
-1.940000000000000e+002 4.534801704597129e+001
-1.930000000000000e+002 4.856708873529489e+001
-1.920000000000000e+002 5.175946651784454e+001
-1.910000000000000e+002 5.494853455325855e+001
-1.900000000000000e+002 5.816792584130662e+001
-1.890000000000000e+002 6.147566449074177e+001
-1.880000000000000e+002 6.490961228264470e+001
-1.870000000000000e+002 6.851961895212233e+001
-1.860000000000000e+002 7.233538581430508e+001
-1.850000000000000e+002 7.639500748162135e+001
-1.840000000000000e+002 8.070700928503780e+001
-1.830000000000000e+002 8.525741811350274e+001
-1.820000000000000e+002 9.003943082923170e+001
-1.810000000000000e+002 9.502718739045430e+001
-1.800000000000000e+002 1.001631508488041e+002
-1.790000000000000e+002 1.054578566354164e+002
-1.780000000000000e+002 1.108769671152946e+002
-1.770000000000000e+002 1.164152717631866e+002
-1.760000000000000e+002 1.220829100371428e+002
-1.750000000000000e+002 1.278987092002546e+002
-1.740000000000000e+002 1.338949780417009e+002
-1.730000000000000e+002 1.400803860173131e+002
-1.720000000000000e+002 1.465100485089155e+002
-1.710000000000000e+002 1.531941136867394e+002
-1.700000000000000e+002 1.601326367288352e+002
-1.690000000000000e+002 1.673256723905408e+002
-1.680000000000000e+002 1.747217420149445e+002
-1.670000000000000e+002 1.822538379376720e+002
-1.660000000000000e+002 1.898448603105695e+002
-1.650000000000000e+002 1.973653901137528e+002
-1.640000000000000e+002 2.046842482492573e+002
-1.630000000000000e+002 2.116579656653635e+002
-1.620000000000000e+002 2.181610825822632e+002
-1.610000000000000e+002 2.240583714715302e+002
-1.600000000000000e+002 2.292443486519561e+002
-1.590000000000000e+002 2.336202470097639e+002
-1.580000000000000e+002 2.371452031758030e+002
-1.570000000000000e+002 2.397590223994287e+002
-1.560000000000000e+002 2.414707144361224e+002
-1.550000000000000e+002 2.423034535657650e+002
-1.540000000000000e+002 2.422874803686817e+002
-1.530000000000000e+002 2.414913614835587e+002
-1.520000000000000e+002 2.399831036277033e+002
-1.510000000000000e+002 2.378385435560894e+002
-1.500000000000000e+002 2.351336921890787e+002
-1.490000000000000e+002 2.319574530320619e+002
-1.480000000000000e+002 2.283703382727191e+002
-1.470000000000000e+002 2.244446215401377e+002
-1.460000000000000e+002 2.202335378593701e+002
-1.450000000000000e+002 2.157873113368868e+002
-1.440000000000000e+002 2.111402016100557e+002
-1.430000000000000e+002 2.063294337371937e+002
-1.420000000000000e+002 2.013949274897390e+002
-1.410000000000000e+002 1.963394660382153e+002
-1.400000000000000e+002 1.911853541618027e+002
-1.390000000000000e+002 1.859802116017263e+002
-1.380000000000000e+002 1.807053107942734e+002
-1.370000000000000e+002 1.753992379737936e+002
-1.360000000000000e+002 1.700779291601432e+002
-1.350000000000000e+002 1.647755264707124e+002
-1.340000000000000e+002 1.595163240956727e+002
-1.330000000000000e+002 1.543242987154236e+002
-1.320000000000000e+002 1.492424219539119e+002
-1.310000000000000e+002 1.442667803458594e+002
-1.300000000000000e+002 1.394176184767380e+002
-1.290000000000000e+002 1.347036119739100e+002
-1.280000000000000e+002 1.301006734423236e+002
-1.270000000000000e+002 1.256103228940964e+002
-1.260000000000000e+002 1.212160821694148e+002
-1.250000000000000e+002 1.168687038211653e+002
-1.240000000000000e+002 1.125669821237690e+002
-1.230000000000000e+002 1.082844345938025e+002
-1.220000000000000e+002 1.040053242591499e+002
-1.210000000000000e+002 9.971693897545579e+001
-1.200000000000000e+002 9.542683752348944e+001
-1.190000000000000e+002 9.115562156053106e+001
-1.180000000000000e+002 8.694104732480008e+001
-1.170000000000000e+002 8.280621055917611e+001
-1.160000000000000e+002 7.881037043978849e+001
-1.150000000000000e+002 7.498350690334273e+001
-1.140000000000000e+002 7.136968147908431e+001
-1.130000000000000e+002 6.801957534647741e+001
-1.120000000000000e+002 6.494772132932643e+001
-1.110000000000000e+002 6.217648875055663e+001
-1.100000000000000e+002 5.970484142736368e+001
-1.090000000000000e+002 5.754819319272335e+001
-1.080000000000000e+002 5.567452097279728e+001
-1.070000000000000e+002 5.406775871477662e+001
-1.060000000000000e+002 5.270713129974848e+001
-1.050000000000000e+002 5.155402338041430e+001
-1.040000000000000e+002 5.057368166445077e+001
-1.030000000000000e+002 4.973651481452220e+001
-1.020000000000000e+002 4.901224378282219e+001
-1.010000000000000e+002 4.836955341004571e+001
-1.000000000000000e+002 4.778818438874050e+001
-9.900000000000000e+001 4.723588990279960e+001
-9.800000000000000e+001 4.668051750083050e+001
-9.700000000000000e+001 4.609199696827279e+001
-9.600000000000000e+001 4.545314122014255e+001
-9.500000000000000e+001 4.474205253382541e+001
-9.400000000000000e+001 4.392533076908132e+001
-9.300000000000000e+001 4.299190826335943e+001
-9.200000000000000e+001 4.193637151873850e+001
-9.100000000000000e+001 4.074797539558000e+001
-9.000000000000000e+001 3.942669136142666e+001
-8.900000000000000e+001 3.798450420955615e+001
-8.800000000000000e+001 3.643807799443742e+001
-8.700000000000000e+001 3.481694208227913e+001
-8.600000000000000e+001 3.314398791776402e+001
-8.500000000000000e+001 3.144361597678287e+001
-8.400000000000000e+001 2.976030454408232e+001
-8.300000000000000e+001 2.812023635239360e+001
-8.200000000000000e+001 2.655443285206526e+001
-8.100000000000000e+001 2.508811975611148e+001
-8.000000000000000e+001 2.373807428563317e+001
-7.900000000000000e+001 2.251798980051183e+001
-7.800000000000000e+001 2.143188809355768e+001
-7.700000000000000e+001 2.047699031340198e+001
-7.600000000000000e+001 1.964202979552365e+001
-7.500000000000000e+001 1.891387684811196e+001
-7.400000000000000e+001 1.826999403883385e+001
-7.300000000000000e+001 1.769365937015708e+001
-7.200000000000000e+001 1.715950690463170e+001
-7.100000000000000e+001 1.665445346744049e+001
-7.000000000000000e+001 1.615797229821948e+001
-6.900000000000000e+001 1.565600877655366e+001
-6.800000000000000e+001 1.513219885049936e+001
-6.700000000000000e+001 1.458658688989843e+001
-6.600000000000000e+001 1.400899231164272e+001
-6.500000000000000e+001 1.339863803485530e+001
-6.400000000000000e+001 1.276618627990949e+001
-6.300000000000000e+001 1.211859167373693e+001
-6.200000000000000e+001 1.145609567224588e+001
-6.100000000000000e+001 1.079094557629378e+001
-6.000000000000000e+001 1.012925138356430e+001
-5.900000000000000e+001 9.477196076938963e+000
-5.800000000000000e+001 8.841071585934710e+000
-5.700000000000000e+001 8.222771556024709e+000
-5.600000000000000e+001 7.629528696675970e+000
-5.500000000000000e+001 7.062655889819592e+000
-5.400000000000000e+001 6.523495518802746e+000
-5.300000000000000e+001 6.014092426867949e+000
-5.200000000000000e+001 5.530709088830098e+000
-5.100000000000000e+001 5.076908240052941e+000
-5.000000000000000e+001 4.649630161860254e+000
-4.900000000000000e+001 4.253691719850059e+000
-4.800000000000000e+001 3.890125923625250e+000
-4.700000000000000e+001 3.554135371793102e+000
-4.600000000000000e+001 3.245624706790846e+000
-4.500000000000000e+001 2.971532021662211e+000
-4.400000000000000e+001 2.730748343067081e+000
-4.300000000000000e+001 2.519936456867894e+000
-4.200000000000000e+001 2.337072836401630e+000
-4.100000000000000e+001 2.180637759850319e+000
-4.000000000000000e+001 2.053510571815868e+000
-3.900000000000000e+001 1.951196553811953e+000
-3.800000000000000e+001 1.873066183892203e+000
-3.700000000000000e+001 1.817193291544602e+000
-3.600000000000000e+001 1.778814155144118e+000
-3.500000000000000e+001 1.758098716892839e+000
-3.400000000000000e+001 1.752776281561498e+000
-3.300000000000000e+001 1.755428779333223e+000
-3.200000000000000e+001 1.762672845379368e+000
-3.100000000000000e+001 1.771586748587497e+000
-3.000000000000000e+001 1.781163683451867e+000
-2.900000000000000e+001 1.787538507513480e+000
-2.800000000000000e+001 1.787128647734768e+000
-2.700000000000000e+001 1.779178073198779e+000
-2.600000000000000e+001 1.761861825736378e+000
-2.500000000000000e+001 1.734445540353377e+000
-2.400000000000000e+001 1.695602001435671e+000
-2.300000000000000e+001 1.644459079031486e+000
-2.200000000000000e+001 1.583340147467842e+000
-2.100000000000000e+001 1.511383539052745e+000
-2.000000000000000e+001 3.925871533621891e+000
-1.900000000000000e+001 5.148300071629052e+000
-1.800000000000000e+001 6.930123847420522e+000
-1.700000000000000e+001 9.451935215097928e+000
-1.600000000000000e+001 1.292235140605335e+001
-1.500000000000000e+001 1.756646562989117e+001
-1.400000000000000e+001 2.360975777734547e+001
-1.300000000000000e+001 3.125375588796339e+001
-1.200000000000000e+001 4.065703236741197e+001
-1.100000000000000e+001 5.189916313566573e+001
-1.000000000000000e+001 6.494518062489819e+001
-9.000000000000000e+000 7.962190471926276e+001
-8.000000000000000e+000 9.559644707185876e+001
-7.000000000000000e+000 1.123758125344256e+002
-6.000000000000000e+000 1.293174682260756e+002
-5.000000000000000e+000 1.456642022313952e+002
-4.000000000000000e+000 1.605937241724285e+002
-3.000000000000000e+000 1.732885722094164e+002
-2.000000000000000e+000 1.830077638734648e+002
-1.000000000000000e+000 1.891586314042922e+002
0.000000000000000e+000 1.913563270318092e+002
1.000000000000000e+000 1.894625864959150e+002
2.000000000000000e+000 1.836024977188674e+002
3.000000000000000e+000 1.741505086696239e+002
4.000000000000000e+000 1.616895806928123e+002
5.000000000000000e+000 1.469533315912652e+002
6.000000000000000e+000 1.307544248255890e+002
7.000000000000000e+000 1.139108709475015e+002
8.000000000000000e+000 9.718066227010536e+001
9.000000000000000e+000 8.120822924166133e+001
1.000000000000000e+001 6.649150401279142e+001
1.100000000000000e+001 5.336766336953178e+001
1.200000000000000e+001 4.201643180351583e+001
1.300000000000000e+001 3.247884522941723e+001
1.400000000000000e+001 2.468358441889568e+001
1.500000000000000e+001 1.847980034807458e+001
1.600000000000000e+001 1.366724410235238e+001
1.700000000000000e+001 1.002480361995942e+001
1.800000000000000e+001 7.331891462590269e+000
1.900000000000000e+001 5.384753426382288e+000
2.000000000000000e+001 4.005019404715712e+000
2.100000000000000e+001 1.443406086867070e+000
2.200000000000000e+001 1.379273035970093e+000
2.300000000000000e+001 1.316039218418958e+000
2.400000000000000e+001 1.253264270530983e+000
2.500000000000000e+001 1.190034325187902e+000
2.600000000000000e+001 1.126394850624033e+000
2.700000000000000e+001 1.063766753117564e+000
2.800000000000000e+001 1.005257728935264e+000
2.900000000000000e+001 9.487743632101200e-001
3.000000000000000e+001 8.936618815241776e-001
3.100000000000000e+001 8.404060938720862e-001
3.200000000000000e+001 7.895165386905548e-001
3.300000000000000e+001 7.412732471267851e-001
3.400000000000000e+001 6.964385405572930e-001
3.500000000000000e+001 6.545585939853950e-001
3.600000000000000e+001 6.159459076449507e-001
3.700000000000000e+001 5.810429713177671e-001
3.800000000000000e+001 5.490875912590489e-001
3.900000000000000e+001 5.201402569708061e-001
4.000000000000000e+001 4.936880113260381e-001
4.100000000000000e+001 4.694688235035286e-001
4.200000000000000e+001 4.474358593931188e-001
4.300000000000000e+001 4.273797928887593e-001
4.400000000000000e+001 4.089146013813240e-001
4.500000000000000e+001 3.917046753574910e-001
4.600000000000000e+001 3.756987156786516e-001
4.700000000000000e+001 3.605435258960378e-001
4.800000000000000e+001 3.465042644492983e-001
4.900000000000000e+001 3.329580398007823e-001
5.000000000000000e+001 3.199877377113121e-001
5.100000000000000e+001 3.076276400424484e-001
5.200000000000000e+001 2.957276197218890e-001
5.300000000000000e+001 2.843119835634764e-001
5.400000000000000e+001 2.732745736726876e-001
5.500000000000000e+001 2.626580964465700e-001
5.600000000000000e+001 2.524018482243834e-001
5.700000000000000e+001 2.425456226051915e-001
5.800000000000000e+001 2.331211254178958e-001
5.900000000000000e+001 2.242131496776893e-001
6.000000000000000e+001 2.156623468121016e-001
6.100000000000000e+001 2.074684589935179e-001
6.200000000000000e+001 1.995989337769302e-001
6.300000000000000e+001 1.920978641283185e-001
6.400000000000000e+001 1.849269156749014e-001
6.500000000000000e+001 1.780419081348871e-001
6.600000000000000e+001 1.714843841299146e-001
6.700000000000000e+001 1.653726173018341e-001
6.800000000000000e+001 1.596398935447435e-001
6.900000000000000e+001 1.542769167029242e-001
7.000000000000000e+001 1.492687892251942e-001
7.100000000000000e+001 1.445813117717189e-001
7.200000000000000e+001 1.401589580538647e-001
7.300000000000000e+001 1.360977891825637e-001
7.400000000000000e+001 1.323634576156875e-001
7.500000000000000e+001 1.287859936703349e-001
7.600000000000000e+001 1.255217757331877e-001
7.700000000000000e+001 1.223930590122448e-001
7.800000000000000e+001 1.193561591723694e-001
7.900000000000000e+001 1.164149738278043e-001
8.000000000000000e+001 1.135057717129789e-001
8.100000000000000e+001 1.106472076314716e-001
8.200000000000000e+001 1.077928724442894e-001
8.300000000000000e+001 1.049454024935113e-001
8.400000000000000e+001 1.021699228200181e-001
8.500000000000000e+001 9.943062186483474e-002
8.600000000000000e+001 9.677076858563141e-002
8.700000000000000e+001 9.424233435759000e-002
8.800000000000000e+001 9.186441799893927e-002
8.900000000000000e+001 8.964961100823883e-002
9.000000000000000e+001 8.762159927072107e-002
9.100000000000000e+001 8.577877894458824e-002
9.200000000000000e+001 8.410583103641366e-002
9.300000000000000e+001 8.265320267051499e-002
9.400000000000000e+001 8.132017398241766e-002
9.500000000000000e+001 8.019116001716846e-002
9.600000000000000e+001 7.913776642987976e-002
9.700000000000000e+001 7.808457212159239e-002
9.800000000000000e+001 7.715846501747650e-002
9.900000000000000e+001 7.619744419180721e-002
1.000000000000000e+002 7.521357499096111e-002
1.010000000000000e+002 7.423693230775469e-002
1.020000000000000e+002 7.325167592677512e-002
1.030000000000000e+002 7.223125239589670e-002
1.040000000000000e+002 7.121212202998024e-002
1.050000000000000e+002 7.014679042059381e-002
1.060000000000000e+002 6.909599866745635e-002
1.070000000000000e+002 6.812160742215656e-002
1.080000000000000e+002 6.714357034201837e-002
1.090000000000000e+002 6.621427818396022e-002
1.100000000000000e+002 6.536652502078140e-002
1.110000000000000e+002 6.451610261440685e-002
1.120000000000000e+002 6.373828193720726e-002
1.130000000000000e+002 6.306769553361218e-002
1.140000000000000e+002 6.241571625075352e-002
1.150000000000000e+002 6.179152432298951e-002
1.160000000000000e+002 6.113932427638942e-002
1.170000000000000e+002 6.047216800678400e-002
1.180000000000000e+002 5.980605089323009e-002
1.190000000000000e+002 5.909113545469744e-002
1.200000000000000e+002 5.834415300612468e-002
1.210000000000000e+002 5.754973134806425e-002
1.220000000000000e+002 5.665966976038623e-002
1.230000000000000e+002 5.573899485686973e-002
1.240000000000000e+002 5.483945766130140e-002
1.250000000000000e+002 5.393633667435394e-002
1.260000000000000e+002 5.308239276962558e-002
1.270000000000000e+002 5.232773349498226e-002
1.280000000000000e+002 5.166693671571709e-002
1.290000000000000e+002 5.113643986382136e-002
1.300000000000000e+002 5.078692707816693e-002
1.310000000000000e+002 5.056676088086603e-002
1.320000000000000e+002 5.050892042496122e-002
1.330000000000000e+002 5.054430049595135e-002
1.340000000000000e+002 5.064735532438679e-002
1.350000000000000e+002 5.078828004583309e-002
1.360000000000000e+002 5.093326034714363e-002
1.370000000000000e+002 5.102988545384592e-002
1.380000000000000e+002 5.105523652803499e-002
1.390000000000000e+002 5.094289526397288e-002
1.400000000000000e+002 5.069419595018705e-002
1.410000000000000e+002 5.032872869516760e-002
1.420000000000000e+002 4.981435694831304e-002
1.430000000000000e+002 4.915540008765089e-002
1.440000000000000e+002 4.838350088166316e-002
1.450000000000000e+002 4.748021798981562e-002
1.460000000000000e+002 4.651083277620620e-002
1.470000000000000e+002 4.547127804551684e-002
1.480000000000000e+002 4.434138223652163e-002
1.490000000000000e+002 4.319615272476821e-002
1.500000000000000e+002 4.204976017776167e-002
1.510000000000000e+002 4.087331922625930e-002
1.520000000000000e+002 3.971086314896974e-002
1.530000000000000e+002 3.857392918829609e-002
1.540000000000000e+002 3.742674577763985e-002
1.550000000000000e+002 3.630639116545564e-002
1.560000000000000e+002 3.520294159737986e-002
1.570000000000000e+002 3.412674344466540e-002
1.580000000000000e+002 3.304448999232146e-002
1.590000000000000e+002 3.201700163488475e-002
1.600000000000000e+002 3.099431336223903e-002
1.610000000000000e+002 2.998227274135147e-002
1.620000000000000e+002 2.901358469085994e-002
1.630000000000000e+002 2.808309071346727e-002
1.640000000000000e+002 2.716618965948170e-002
1.650000000000000e+002 2.627503225972838e-002
1.660000000000000e+002 2.543066607830749e-002
1.670000000000000e+002 2.460031505456226e-002
1.680000000000000e+002 2.378750295681896e-002
1.690000000000000e+002 2.300843992199851e-002
1.700000000000000e+002 2.225112305608743e-002
1.710000000000000e+002 2.150651144821325e-002
1.720000000000000e+002 2.077751241123770e-002
1.730000000000000e+002 2.002693605601912e-002
1.740000000000000e+002 1.929034497881382e-002
1.750000000000000e+002 1.856773237810737e-002
1.760000000000000e+002 1.783874786627616e-002
1.770000000000000e+002 1.710845053944456e-002
1.780000000000000e+002 1.637020278511802e-002
1.790000000000000e+002 1.563317074004025e-002
1.800000000000000e+002 1.489244487421928e-002
1.810000000000000e+002 1.416336285660798e-002
1.820000000000000e+002 1.344386719796943e-002
1.830000000000000e+002 1.273535952579051e-002
1.840000000000000e+002 1.202496795049609e-002
1.850000000000000e+002 1.133734044997516e-002
1.860000000000000e+002 1.065599576539099e-002
1.870000000000000e+002 9.973390185684983e-003
1.880000000000000e+002 9.308841982536221e-003
1.890000000000000e+002 8.671503154484802e-003
1.900000000000000e+002 8.055012159927483e-003
1.910000000000000e+002 7.450068476845302e-003
1.920000000000000e+002 6.885942966536766e-003
1.930000000000000e+002 6.359805641028869e-003
1.940000000000000e+002 5.869311449788379e-003
1.950000000000000e+002 5.435533818270438e-003
1.960000000000000e+002 5.072249895650660e-003
1.970000000000000e+002 4.767492143873859e-003
1.980000000000000e+002 4.524530319526813e-003
1.990000000000000e+002 4.337639665448646e-003
2.000000000000000e+002 4.200228592297042e-003
2.010000000000000e+002 4.114334658021090e-003
2.020000000000000e+002 4.059585988279824e-003
2.030000000000000e+002 4.023890944799442e-003
2.040000000000000e+002 4.004905664536685e-003
2.050000000000000e+002 3.990581062114441e-003
2.060000000000000e+002 3.956119172010514e-003
2.070000000000000e+002 3.919928666165163e-003
2.080000000000000e+002 3.859363533216067e-003
2.090000000000000e+002 3.779599391638780e-003
2.100000000000000e+002 3.671025093352666e-003
2.110000000000000e+002 3.542602370701144e-003
2.120000000000000e+002 3.395125004178985e-003
2.130000000000000e+002 3.231509384211204e-003
2.140000000000000e+002 3.063223980432433e-003
2.150000000000000e+002 2.892808297310780e-003
2.160000000000000e+002 2.723326055489257e-003
2.170000000000000e+002 2.560128437608189e-003
2.180000000000000e+002 2.402595391691037e-003
2.190000000000000e+002 2.262277629421696e-003
2.200000000000000e+002 2.137728982813567e-003
2.210000000000000e+002 2.025533193908569e-003
2.220000000000000e+002 1.923853221610518e-003
2.230000000000000e+002 1.834275063228627e-003
2.240000000000000e+002 1.757467654178440e-003
2.250000000000000e+002 1.686008029155515e-003
2.260000000000000e+002 1.623763234549459e-003
2.270000000000000e+002 1.566204973861150e-003
2.280000000000000e+002 1.512743222885537e-003
2.290000000000000e+002 1.459784286677029e-003
2.300000000000000e+002 1.407753643543802e-003
2.310000000000000e+002 1.359900575866249e-003
2.320000000000000e+002 1.311657776288498e-003
2.330000000000000e+002 1.269064560000217e-003
2.340000000000000e+002 1.227045419533708e-003
2.350000000000000e+002 1.185093354754485e-003
2.360000000000000e+002 1.143022312990038e-003
2.370000000000000e+002 1.101332176394722e-003
2.380000000000000e+002 1.058832095570678e-003
2.390000000000000e+002 1.019664090247687e-003
2.400000000000000e+002 9.800901388494062e-004
2.410000000000000e+002 9.432370335427851e-004
2.420000000000000e+002 9.060096156043583e-004
2.430000000000000e+002 8.722531601469855e-004
2.440000000000000e+002 8.434051721493474e-004
2.450000000000000e+002 8.146941854809065e-004
2.460000000000000e+002 7.900466697438942e-004
2.470000000000000e+002 7.718694770651454e-004
2.480000000000000e+002 7.585743429966073e-004
2.490000000000000e+002 7.494028249796684e-004
2.500000000000000e+002 7.442671378907061e-004
2.510000000000000e+002 7.387644443912679e-004
2.520000000000000e+002 7.381046241732693e-004
2.530000000000000e+002 7.406359909951144e-004
2.540000000000000e+002 7.423461487053182e-004
2.550000000000000e+002 7.412661282340781e-004
2.560000000000000e+002 7.366525373349323e-004
2.570000000000000e+002 7.276443614380007e-004
2.580000000000000e+002 7.133265840716044e-004
2.590000000000000e+002 6.947287324800638e-004
2.600000000000000e+002 6.689741097959382e-004
2.610000000000000e+002 6.390084388077404e-004
2.620000000000000e+002 6.066100125899966e-004
2.630000000000000e+002 5.708667698153129e-004
2.640000000000000e+002 5.322898016183028e-004
2.650000000000000e+002 4.902691785281200e-004
2.660000000000000e+002 4.503016679006884e-004
2.670000000000000e+002 4.100904507140649e-004
2.680000000000000e+002 3.709290888605199e-004
2.690000000000000e+002 3.336316393767162e-004
2.700000000000000e+002 2.988433552361286e-004
2.710000000000000e+002 2.670284885460570e-004
2.720000000000000e+002 2.384675191522432e-004
2.730000000000000e+002 2.132644669543190e-004
2.740000000000000e+002 1.898026961611806e-004
2.750000000000000e+002 1.712883508815493e-004
2.760000000000000e+002 1.561674264677993e-004
2.770000000000000e+002 1.438270684253053e-004
2.780000000000000e+002 1.335063754962367e-004
2.790000000000000e+002 1.250885003760625e-004
2.800000000000000e+002 1.166855329725039e-004
2.810000000000000e+002 1.122854556037523e-004
2.820000000000000e+002 1.084760552876236e-004
2.830000000000000e+002 1.055081793011528e-004
2.840000000000000e+002 1.033316257535159e-004
2.850000000000000e+002 1.003017718010282e-004
2.860000000000000e+002 1.002133740942960e-004
2.870000000000000e+002 1.006200542231188e-004
2.880000000000000e+002 1.015491059400602e-004
2.890000000000000e+002 1.026567281556315e-004
2.900000000000000e+002 1.046527573978453e-004
2.910000000000000e+002 1.069275086268143e-004
2.920000000000000e+002 1.093259041663390e-004
2.930000000000000e+002 1.116449407015283e-004
2.940000000000000e+002 1.141686977847810e-004
2.950000000000000e+002 1.155405177303793e-004
2.960000000000000e+002 1.166598469721251e-004
2.970000000000000e+002 1.168416832822775e-004
2.980000000000000e+002 1.159668231332950e-004
2.990000000000000e+002 1.139836230153347e-004
3.000000000000000e+002 1.105953870471905e-004
3.010000000000000e+002 1.066751589094326e-004
3.020000000000000e+002 1.019148235495242e-004
3.030000000000000e+002 9.655925917773061e-005
3.040000000000000e+002 9.087875044296295e-005
3.050000000000000e+002 8.514149123800579e-005
3.060000000000000e+002 7.958608053923525e-005
3.070000000000000e+002 7.406691761444953e-005
3.080000000000000e+002 6.948522460557214e-005
3.090000000000000e+002 6.538331889073120e-005
3.100000000000000e+002 6.174190208132011e-005
3.110000000000000e+002 5.877337439587972e-005
3.120000000000000e+002 5.591544983439978e-005
3.130000000000000e+002 5.323017249267300e-005
3.140000000000000e+002 5.059917245929620e-005
3.150000000000000e+002 4.760268669408984e-005
3.160000000000000e+002 4.498053567759992e-005
3.170000000000000e+002 4.223851057828957e-005
3.180000000000000e+002 3.943903435575225e-005
3.190000000000000e+002 3.667549269477806e-005
3.200000000000000e+002 3.374177936291778e-005
3.210000000000000e+002 3.149506054110966e-005
3.220000000000000e+002 2.923199018995917e-005
3.230000000000000e+002 2.778188491698781e-005
3.240000000000000e+002 2.669175215747362e-005
3.250000000000000e+002 2.595518057688615e-005
3.260000000000000e+002 2.551922748653372e-005
3.270000000000000e+002 2.529445793872290e-005
3.280000000000000e+002 2.516861127752944e-005
3.290000000000000e+002 2.502196857682714e-005
3.300000000000000e+002 2.474239966109120e-005
3.310000000000000e+002 2.423824944644234e-005
3.320000000000000e+002 2.344764075638384e-005
3.330000000000000e+002 2.234335396024593e-005
3.340000000000000e+002 2.093310059632589e-005
3.350000000000000e+002 1.892065669340347e-005
3.360000000000000e+002 1.716342128395172e-005
3.370000000000000e+002 1.523576733942862e-005
3.380000000000000e+002 1.323480705257370e-005
3.390000000000000e+002 1.125028978015963e-005
3.400000000000000e+002 9.358421814570407e-006
3.410000000000000e+002 7.617883669714309e-006
3.420000000000000e+002 6.068185789121889e-006
3.430000000000000e+002 4.730164173350869e-006
3.440000000000000e+002 3.608164857791077e-006
3.450000000000000e+002 2.693328600572624e-006
3.460000000000000e+002 1.967365839076104e-006
3.470000000000000e+002 1.406286222519954e-006
3.480000000000000e+002 9.836829195380525e-007
3.490000000000000e+002 6.733321501431564e-007
3.500000000000000e+002 4.510206072238844e-007
3.510000000000000e+002 2.956352608344293e-007
3.520000000000000e+002 0.000000000000000e+000
3.530000000000000e+002 0.000000000000000e+000
3.540000000000000e+002 0.000000000000000e+000
