-3.530000000000000e+002 0.000000000000000e+000
-3.520000000000000e+002 0.000000000000000e+000
-3.510000000000000e+002 0.000000000000000e+000
-3.500000000000000e+002 0.000000000000000e+000
-3.490000000000000e+002 0.000000000000000e+000
-3.480000000000000e+002 0.000000000000000e+000
-3.470000000000000e+002 0.000000000000000e+000
-3.460000000000000e+002 0.000000000000000e+000
-3.450000000000000e+002 0.000000000000000e+000
-3.440000000000000e+002 0.000000000000000e+000
-3.430000000000000e+002 0.000000000000000e+000
-3.420000000000000e+002 0.000000000000000e+000
-3.410000000000000e+002 0.000000000000000e+000
-3.400000000000000e+002 0.000000000000000e+000
-3.390000000000000e+002 0.000000000000000e+000
-3.380000000000000e+002 0.000000000000000e+000
-3.370000000000000e+002 0.000000000000000e+000
-3.360000000000000e+002 0.000000000000000e+000
-3.350000000000000e+002 0.000000000000000e+000
-3.340000000000000e+002 0.000000000000000e+000
-3.330000000000000e+002 0.000000000000000e+000
-3.320000000000000e+002 0.000000000000000e+000
-3.310000000000000e+002 0.000000000000000e+000
-3.300000000000000e+002 0.000000000000000e+000
-3.290000000000000e+002 0.000000000000000e+000
-3.280000000000000e+002 0.000000000000000e+000
-3.270000000000000e+002 0.000000000000000e+000
-3.260000000000000e+002 0.000000000000000e+000
-3.250000000000000e+002 0.000000000000000e+000
-3.240000000000000e+002 0.000000000000000e+000
-3.230000000000000e+002 0.000000000000000e+000
-3.220000000000000e+002 0.000000000000000e+000
-3.210000000000000e+002 0.000000000000000e+000
-3.200000000000000e+002 0.000000000000000e+000
-3.190000000000000e+002 0.000000000000000e+000
-3.180000000000000e+002 0.000000000000000e+000
-3.170000000000000e+002 0.000000000000000e+000
-3.160000000000000e+002 0.000000000000000e+000
-3.150000000000000e+002 0.000000000000000e+000
-3.140000000000000e+002 0.000000000000000e+000
-3.130000000000000e+002 0.000000000000000e+000
-3.120000000000000e+002 0.000000000000000e+000
-3.110000000000000e+002 0.000000000000000e+000
-3.100000000000000e+002 0.000000000000000e+000
-3.090000000000000e+002 0.000000000000000e+000
-3.080000000000000e+002 0.000000000000000e+000
-3.070000000000000e+002 0.000000000000000e+000
-3.060000000000000e+002 0.000000000000000e+000
-3.050000000000000e+002 0.000000000000000e+000
-3.040000000000000e+002 0.000000000000000e+000
-3.030000000000000e+002 0.000000000000000e+000
-3.020000000000000e+002 0.000000000000000e+000
-3.010000000000000e+002 0.000000000000000e+000
-3.000000000000000e+002 0.000000000000000e+000
-2.990000000000000e+002 0.000000000000000e+000
-2.980000000000000e+002 0.000000000000000e+000
-2.970000000000000e+002 0.000000000000000e+000
-2.960000000000000e+002 0.000000000000000e+000
-2.950000000000000e+002 0.000000000000000e+000
-2.940000000000000e+002 0.000000000000000e+000
-2.930000000000000e+002 0.000000000000000e+000
-2.920000000000000e+002 0.000000000000000e+000
-2.910000000000000e+002 0.000000000000000e+000
-2.900000000000000e+002 0.000000000000000e+000
-2.890000000000000e+002 0.000000000000000e+000
-2.880000000000000e+002 0.000000000000000e+000
-2.870000000000000e+002 0.000000000000000e+000
-2.860000000000000e+002 0.000000000000000e+000
-2.850000000000000e+002 0.000000000000000e+000
-2.840000000000000e+002 0.000000000000000e+000
-2.830000000000000e+002 0.000000000000000e+000
-2.820000000000000e+002 0.000000000000000e+000
-2.810000000000000e+002 0.000000000000000e+000
-2.800000000000000e+002 0.000000000000000e+000
-2.790000000000000e+002 0.000000000000000e+000
-2.780000000000000e+002 0.000000000000000e+000
-2.770000000000000e+002 0.000000000000000e+000
-2.760000000000000e+002 0.000000000000000e+000
-2.750000000000000e+002 0.000000000000000e+000
-2.740000000000000e+002 0.000000000000000e+000
-2.730000000000000e+002 0.000000000000000e+000
-2.720000000000000e+002 0.000000000000000e+000
-2.710000000000000e+002 0.000000000000000e+000
-2.700000000000000e+002 0.000000000000000e+000
-2.690000000000000e+002 0.000000000000000e+000
-2.680000000000000e+002 0.000000000000000e+000
-2.670000000000000e+002 0.000000000000000e+000
-2.660000000000000e+002 0.000000000000000e+000
-2.650000000000000e+002 0.000000000000000e+000
-2.640000000000000e+002 0.000000000000000e+000
-2.630000000000000e+002 0.000000000000000e+000
-2.620000000000000e+002 0.000000000000000e+000
-2.610000000000000e+002 0.000000000000000e+000
-2.600000000000000e+002 0.000000000000000e+000
-2.590000000000000e+002 0.000000000000000e+000
-2.580000000000000e+002 0.000000000000000e+000
-2.570000000000000e+002 0.000000000000000e+000
-2.560000000000000e+002 0.000000000000000e+000
-2.550000000000000e+002 0.000000000000000e+000
-2.540000000000000e+002 0.000000000000000e+000
-2.530000000000000e+002 0.000000000000000e+000
-2.520000000000000e+002 0.000000000000000e+000
-2.510000000000000e+002 0.000000000000000e+000
-2.500000000000000e+002 0.000000000000000e+000
-2.490000000000000e+002 0.000000000000000e+000
-2.480000000000000e+002 0.000000000000000e+000
-2.470000000000000e+002 0.000000000000000e+000
-2.460000000000000e+002 0.000000000000000e+000
-2.450000000000000e+002 0.000000000000000e+000
-2.440000000000000e+002 0.000000000000000e+000
-2.430000000000000e+002 0.000000000000000e+000
-2.420000000000000e+002 0.000000000000000e+000
-2.410000000000000e+002 0.000000000000000e+000
-2.400000000000000e+002 0.000000000000000e+000
-2.390000000000000e+002 0.000000000000000e+000
-2.380000000000000e+002 0.000000000000000e+000
-2.370000000000000e+002 0.000000000000000e+000
-2.360000000000000e+002 0.000000000000000e+000
-2.350000000000000e+002 0.000000000000000e+000
-2.340000000000000e+002 0.000000000000000e+000
-2.330000000000000e+002 0.000000000000000e+000
-2.320000000000000e+002 0.000000000000000e+000
-2.310000000000000e+002 0.000000000000000e+000
-2.300000000000000e+002 0.000000000000000e+000
-2.290000000000000e+002 0.000000000000000e+000
-2.280000000000000e+002 0.000000000000000e+000
-2.270000000000000e+002 0.000000000000000e+000
-2.260000000000000e+002 0.000000000000000e+000
-2.250000000000000e+002 0.000000000000000e+000
-2.240000000000000e+002 0.000000000000000e+000
-2.230000000000000e+002 5.710124370198460e-004
-2.220000000000000e+002 3.879547285772053e-003
-2.210000000000000e+002 1.135690924323855e-002
-2.200000000000000e+002 3.061701807452073e-002
-2.190000000000000e+002 6.678948256318121e-002
-2.180000000000000e+002 1.269634658445352e-001
-2.170000000000000e+002 2.173799604691157e-001
-2.160000000000000e+002 3.545729365903199e-001
-2.150000000000000e+002 5.456196189072542e-001
-2.140000000000000e+002 8.105686506964431e-001
-2.130000000000000e+002 1.167090519745181e+000
-2.120000000000000e+002 1.634594858852009e+000
-2.110000000000000e+002 2.240041881784222e+000
-2.100000000000000e+002 3.012925172175740e+000
-2.090000000000000e+002 3.974615380727865e+000
-2.080000000000000e+002 5.144297443571588e+000
-2.070000000000000e+002 6.541038729937867e+000
-2.060000000000000e+002 8.174521127522709e+000
-2.050000000000000e+002 1.005040223188021e+001
-2.040000000000000e+002 1.216091064280693e+001
-2.030000000000000e+002 1.449057527639256e+001
-2.020000000000000e+002 1.702527137160242e+001
-2.010000000000000e+002 1.972811381728464e+001
-2.000000000000000e+002 2.256232998466724e+001
-1.990000000000000e+002 2.548239865694293e+001
-1.980000000000000e+002 2.844769825850387e+001
-1.970000000000000e+002 3.142548354449893e+001
-1.960000000000000e+002 3.438404254205273e+001
-1.950000000000000e+002 3.730969815761892e+001
-1.940000000000000e+002 4.019450428254567e+001
-1.930000000000000e+002 4.304276843785160e+001
-1.920000000000000e+002 4.589016090035929e+001
-1.910000000000000e+002 4.875900645834488e+001
-1.900000000000000e+002 5.168411690521420e+001
-1.890000000000000e+002 5.471571263591591e+001
-1.880000000000000e+002 5.788841704559310e+001
-1.870000000000000e+002 6.124376152622301e+001
-1.860000000000000e+002 6.480249669599418e+001
-1.850000000000000e+002 6.859579357572623e+001
-1.840000000000000e+002 7.262337162576115e+001
-1.830000000000000e+002 7.686723078408276e+001
-1.820000000000000e+002 8.131257036604906e+001
-1.810000000000000e+002 8.593027337914090e+001
-1.800000000000000e+002 9.066354469791396e+001
-1.790000000000000e+002 9.552459195810195e+001
-1.780000000000000e+002 1.004781406379586e+002
-1.770000000000000e+002 1.055197902272734e+002
-1.760000000000000e+002 1.106620926996250e+002
-1.750000000000000e+002 1.159233581171631e+002
-1.740000000000000e+002 1.213351490905434e+002
-1.730000000000000e+002 1.269068922140803e+002
-1.720000000000000e+002 1.326930912046550e+002
-1.710000000000000e+002 1.387015469593949e+002
-1.700000000000000e+002 1.449298099532808e+002
-1.690000000000000e+002 1.513752354725806e+002
-1.680000000000000e+002 1.579868323362743e+002
-1.670000000000000e+002 1.646990732248664e+002
-1.660000000000000e+002 1.714387139675834e+002
-1.650000000000000e+002 1.780803505731100e+002
-1.640000000000000e+002 1.845047144408211e+002
-1.630000000000000e+002 1.905757834165458e+002
-1.620000000000000e+002 1.961800665192202e+002
-1.610000000000000e+002 2.011942692725291e+002
-1.600000000000000e+002 2.055267067103090e+002
-1.590000000000000e+002 2.090941641151011e+002
-1.580000000000000e+002 2.118641488844493e+002
-1.570000000000000e+002 2.137913704427197e+002
-1.560000000000000e+002 2.148899680660397e+002
-1.550000000000000e+002 2.151904229805143e+002
-1.540000000000000e+002 2.147289641840128e+002
-1.530000000000000e+002 2.135742842659137e+002
-1.520000000000000e+002 2.117952210673594e+002
-1.510000000000000e+002 2.094634349986171e+002
-1.500000000000000e+002 2.066546568522507e+002
-1.490000000000000e+002 2.034486054235632e+002
-1.480000000000000e+002 1.999061882552966e+002
-1.470000000000000e+002 1.960898937358726e+002
-1.460000000000000e+002 1.920500394553990e+002
-1.450000000000000e+002 1.878278115395509e+002
-1.440000000000000e+002 1.834529289363118e+002
-1.430000000000000e+002 1.789601916680390e+002
-1.420000000000000e+002 1.743800620440690e+002
-1.410000000000000e+002 1.697153442940917e+002
-1.400000000000000e+002 1.649841121420962e+002
-1.390000000000000e+002 1.602249699541544e+002
-1.380000000000000e+002 1.554170369692562e+002
-1.370000000000000e+002 1.506001083135484e+002
-1.360000000000000e+002 1.457852663038946e+002
-1.350000000000000e+002 1.410031069258357e+002
-1.340000000000000e+002 1.362769231189433e+002
-1.330000000000000e+002 1.316256393061895e+002
-1.320000000000000e+002 1.270907337146880e+002
-1.310000000000000e+002 1.226628838667138e+002
-1.300000000000000e+002 1.183614699398572e+002
-1.290000000000000e+002 1.141942848887614e+002
-1.280000000000000e+002 1.101349733268285e+002
-1.270000000000000e+002 1.061841844214785e+002
-1.260000000000000e+002 1.023232514675100e+002
-1.250000000000000e+002 9.850318364891423e+001
-1.240000000000000e+002 9.472468563503303e+001
-1.230000000000000e+002 9.095710220287194e+001
-1.220000000000000e+002 8.719086416858980e+001
-1.210000000000000e+002 8.341199177091654e+001
-1.200000000000000e+002 7.962790513546494e+001
-1.190000000000000e+002 7.586135394964828e+001
-1.180000000000000e+002 7.214762345071640e+001
-1.170000000000000e+002 6.851242464223665e+001
-1.160000000000000e+002 6.500931771036662e+001
-1.150000000000000e+002 6.166948224812978e+001
-1.140000000000000e+002 5.853346402739572e+001
-1.130000000000000e+002 5.564912557760772e+001
-1.120000000000000e+002 5.303029656752347e+001
-1.110000000000000e+002 5.069692465060432e+001
-1.100000000000000e+002 4.864723371896320e+001
-1.090000000000000e+002 4.689159637147875e+001
-1.080000000000000e+002 4.539893832279415e+001
-1.070000000000000e+002 4.415097515311998e+001
-1.060000000000000e+002 4.312829501290550e+001
-1.050000000000000e+002 4.229078063759559e+001
-1.040000000000000e+002 4.160803269927160e+001
-1.030000000000000e+002 4.104651225346238e+001
-1.020000000000000e+002 4.057593981508983e+001
-1.010000000000000e+002 4.016812091028585e+001
-1.000000000000000e+002 3.980189204983576e+001
-9.900000000000000e+001 3.944514427757473e+001
-9.800000000000000e+001 3.906880089822396e+001
-9.700000000000000e+001 3.864316840592682e+001
-9.600000000000000e+001 3.815158970167651e+001
-9.500000000000000e+001 3.757676792783846e+001
-9.400000000000000e+001 3.688815349015249e+001
-9.300000000000000e+001 3.607785675830237e+001
-9.200000000000000e+001 3.514432697842119e+001
-9.100000000000000e+001 3.407889341249474e+001
-9.000000000000000e+001 3.288845457249154e+001
-8.900000000000000e+001 3.158700363781989e+001
-8.800000000000000e+001 3.019043532209446e+001
-8.700000000000000e+001 2.873158708774435e+001
-8.600000000000000e+001 2.723303267882872e+001
-8.500000000000000e+001 2.572018279959054e+001
-8.400000000000000e+001 2.423405793892664e+001
-8.300000000000000e+001 2.279836684551179e+001
-8.200000000000000e+001 2.144318781252012e+001
-8.100000000000000e+001 2.018879476547466e+001
-8.000000000000000e+001 1.904846993643206e+001
-7.900000000000000e+001 1.803415330309377e+001
-7.800000000000000e+001 1.714524716878840e+001
-7.700000000000000e+001 1.637744969448164e+001
-7.600000000000000e+001 1.571709300511035e+001
-7.500000000000000e+001 1.515192117005703e+001
-7.400000000000000e+001 1.465897740788167e+001
-7.300000000000000e+001 1.422205822880338e+001
-7.200000000000000e+001 1.381672058561722e+001
-7.100000000000000e+001 1.342991978271579e+001
-7.000000000000000e+001 1.304384570098066e+001
-6.900000000000000e+001 1.264463492385189e+001
-6.800000000000000e+001 1.222006785980760e+001
-6.700000000000000e+001 1.177050948602251e+001
-6.600000000000000e+001 1.128649808144679e+001
-6.500000000000000e+001 1.076808233466316e+001
-6.400000000000000e+001 1.022705678922690e+001
-6.300000000000000e+001 9.669962829618767e+000
-6.200000000000000e+001 9.097879359585955e+000
-6.100000000000000e+001 8.522742273524218e+000
-6.000000000000000e+001 7.950405075834437e+000
-5.900000000000000e+001 7.386494668616890e+000
-5.800000000000000e+001 6.837177028849540e+000
-5.700000000000000e+001 6.304588153437521e+000
-5.600000000000000e+001 5.794398495630311e+000
-5.500000000000000e+001 5.308234216348655e+000
-5.400000000000000e+001 4.847531807858905e+000
-5.300000000000000e+001 4.413223584724662e+000
-5.200000000000000e+001 4.002771570564164e+000
-5.100000000000000e+001 3.619334980608728e+000
-5.000000000000000e+001 3.260058591654059e+000
-4.900000000000000e+001 2.928484180352610e+000
-4.800000000000000e+001 2.627111343583902e+000
-4.700000000000000e+001 2.351451303357084e+000
-4.600000000000000e+001 2.101083134671525e+000
-4.500000000000000e+001 1.882751848597247e+000
-4.400000000000000e+001 1.695088097614287e+000
-4.300000000000000e+001 1.535234924639421e+000
-4.200000000000000e+001 1.401970916340600e+000
-4.100000000000000e+001 1.293066585028285e+000
-4.000000000000000e+001 1.210685451317328e+000
-3.900000000000000e+001 1.151389233537363e+000
-3.800000000000000e+001 1.113730390845539e+000
-3.700000000000000e+001 1.096059876192382e+000
-3.600000000000000e+001 1.094165969971380e+000
-3.500000000000000e+001 1.107651980439413e+000
-3.400000000000000e+001 1.133696368363735e+000
-3.300000000000000e+001 1.165403194740834e+000
-3.200000000000000e+001 1.199771824079505e+000
-3.100000000000000e+001 1.233777670689178e+000
-3.000000000000000e+001 1.266982531161732e+000
-2.900000000000000e+001 1.295108866095597e+000
-2.800000000000000e+001 1.315682762093578e+000
-2.700000000000000e+001 1.326965483641793e+000
-2.600000000000000e+001 1.328212540317338e+000
-2.500000000000000e+001 1.318731321116383e+000
-2.400000000000000e+001 1.297314227582912e+000
-2.300000000000000e+001 1.263049082840018e+000
-2.200000000000000e+001 1.218538859302610e+000
-2.100000000000000e+001 1.163132790754106e+000
-2.000000000000000e+001 3.593669223138669e+000
-1.900000000000000e+001 4.831953708818344e+000
-1.800000000000000e+001 6.628897619255881e+000
-1.700000000000000e+001 9.164548713189847e+000
-1.600000000000000e+001 1.264539943835453e+001
-1.500000000000000e+001 1.729501427899171e+001
-1.400000000000000e+001 2.333818097495282e+001
-1.300000000000000e+001 3.097859503663126e+001
-1.200000000000000e+001 4.037295043888478e+001
-1.100000000000000e+001 5.159767990336491e+001
-1.000000000000000e+001 6.461616330100865e+001
-9.000000000000000e+000 7.925336184024803e+001
-8.000000000000000e+000 9.517474467194513e+001
-7.000000000000000e+000 1.118854796901500e+002
-6.000000000000000e+000 1.287419201790929e+002
-5.000000000000000e+000 1.449863247207541e+002
-4.000000000000000e+000 1.597973835325064e+002
-3.000000000000000e+000 1.723587355475049e+002
-2.000000000000000e+000 1.819322111321111e+002
-1.000000000000000e+000 1.879283040619553e+002
0.000000000000000e+000 1.899668029320099e+002
1.000000000000000e+000 1.879149970414862e+002
2.000000000000000e+000 1.819036770861218e+002
3.000000000000000e+000 1.723129663287537e+002
4.000000000000000e+000 1.597307442812128e+002
5.000000000000000e+000 1.448948017561331e+002
6.000000000000000e+000 1.286206695355395e+002
7.000000000000000e+000 1.117282424882242e+002
8.000000000000000e+000 9.497494747201692e+001
9.000000000000000e+000 7.900379791347828e+001
1.000000000000000e+001 6.431017471700946e+001
1.100000000000000e+001 5.122762505092675e+001
1.200000000000000e+001 3.993204643406444e+001
1.300000000000000e+001 3.046012809762687e+001
1.400000000000000e+001 2.273708032084452e+001
1.500000000000000e+001 1.660850261421820e+001
1.600000000000000e+001 1.187186843400212e+001
1.700000000000000e+001 8.304251307109100e+000
1.800000000000000e+001 5.684270080211133e+000
1.900000000000000e+001 3.807516012203357e+000
2.000000000000000e+001 2.495752902129027e+000
2.100000000000000e+001 0.000000000000000e+000
2.200000000000000e+001 0.000000000000000e+000
2.300000000000000e+001 0.000000000000000e+000
2.400000000000000e+001 0.000000000000000e+000
2.500000000000000e+001 0.000000000000000e+000
2.600000000000000e+001 0.000000000000000e+000
2.700000000000000e+001 0.000000000000000e+000
2.800000000000000e+001 0.000000000000000e+000
2.900000000000000e+001 0.000000000000000e+000
3.000000000000000e+001 0.000000000000000e+000
3.100000000000000e+001 0.000000000000000e+000
3.200000000000000e+001 0.000000000000000e+000
3.300000000000000e+001 0.000000000000000e+000
3.400000000000000e+001 0.000000000000000e+000
3.500000000000000e+001 0.000000000000000e+000
3.600000000000000e+001 0.000000000000000e+000
3.700000000000000e+001 0.000000000000000e+000
3.800000000000000e+001 0.000000000000000e+000
3.900000000000000e+001 0.000000000000000e+000
4.000000000000000e+001 0.000000000000000e+000
4.100000000000000e+001 0.000000000000000e+000
4.200000000000000e+001 0.000000000000000e+000
4.300000000000000e+001 0.000000000000000e+000
4.400000000000000e+001 0.000000000000000e+000
4.500000000000000e+001 0.000000000000000e+000
4.600000000000000e+001 0.000000000000000e+000
4.700000000000000e+001 0.000000000000000e+000
4.800000000000000e+001 0.000000000000000e+000
4.900000000000000e+001 0.000000000000000e+000
5.000000000000000e+001 0.000000000000000e+000
5.100000000000000e+001 0.000000000000000e+000
5.200000000000000e+001 0.000000000000000e+000
5.300000000000000e+001 0.000000000000000e+000
5.400000000000000e+001 0.000000000000000e+000
5.500000000000000e+001 0.000000000000000e+000
5.600000000000000e+001 0.000000000000000e+000
5.700000000000000e+001 0.000000000000000e+000
5.800000000000000e+001 0.000000000000000e+000
5.900000000000000e+001 0.000000000000000e+000
6.000000000000000e+001 0.000000000000000e+000
6.100000000000000e+001 0.000000000000000e+000
6.200000000000000e+001 0.000000000000000e+000
6.300000000000000e+001 0.000000000000000e+000
6.400000000000000e+001 0.000000000000000e+000
6.500000000000000e+001 0.000000000000000e+000
6.600000000000000e+001 0.000000000000000e+000
6.700000000000000e+001 0.000000000000000e+000
6.800000000000000e+001 0.000000000000000e+000
6.900000000000000e+001 0.000000000000000e+000
7.000000000000000e+001 0.000000000000000e+000
7.100000000000000e+001 0.000000000000000e+000
7.200000000000000e+001 0.000000000000000e+000
7.300000000000000e+001 0.000000000000000e+000
7.400000000000000e+001 0.000000000000000e+000
7.500000000000000e+001 0.000000000000000e+000
7.600000000000000e+001 0.000000000000000e+000
7.700000000000000e+001 0.000000000000000e+000
7.800000000000000e+001 0.000000000000000e+000
7.900000000000000e+001 0.000000000000000e+000
8.000000000000000e+001 0.000000000000000e+000
8.100000000000000e+001 0.000000000000000e+000
8.200000000000000e+001 0.000000000000000e+000
8.300000000000000e+001 0.000000000000000e+000
8.400000000000000e+001 0.000000000000000e+000
8.500000000000000e+001 0.000000000000000e+000
8.600000000000000e+001 0.000000000000000e+000
8.700000000000000e+001 0.000000000000000e+000
8.800000000000000e+001 0.000000000000000e+000
8.900000000000000e+001 0.000000000000000e+000
9.000000000000000e+001 0.000000000000000e+000
9.100000000000000e+001 0.000000000000000e+000
9.200000000000000e+001 0.000000000000000e+000
9.300000000000000e+001 0.000000000000000e+000
9.400000000000000e+001 0.000000000000000e+000
9.500000000000000e+001 0.000000000000000e+000
9.600000000000000e+001 0.000000000000000e+000
9.700000000000000e+001 0.000000000000000e+000
9.800000000000000e+001 0.000000000000000e+000
9.900000000000000e+001 0.000000000000000e+000
1.000000000000000e+002 0.000000000000000e+000
1.010000000000000e+002 0.000000000000000e+000
1.020000000000000e+002 0.000000000000000e+000
1.030000000000000e+002 0.000000000000000e+000
1.040000000000000e+002 0.000000000000000e+000
1.050000000000000e+002 0.000000000000000e+000
1.060000000000000e+002 0.000000000000000e+000
1.070000000000000e+002 0.000000000000000e+000
1.080000000000000e+002 0.000000000000000e+000
1.090000000000000e+002 0.000000000000000e+000
1.100000000000000e+002 0.000000000000000e+000
1.110000000000000e+002 0.000000000000000e+000
1.120000000000000e+002 0.000000000000000e+000
1.130000000000000e+002 0.000000000000000e+000
1.140000000000000e+002 0.000000000000000e+000
1.150000000000000e+002 0.000000000000000e+000
1.160000000000000e+002 0.000000000000000e+000
1.170000000000000e+002 0.000000000000000e+000
1.180000000000000e+002 0.000000000000000e+000
1.190000000000000e+002 0.000000000000000e+000
1.200000000000000e+002 0.000000000000000e+000
1.210000000000000e+002 0.000000000000000e+000
1.220000000000000e+002 0.000000000000000e+000
1.230000000000000e+002 0.000000000000000e+000
1.240000000000000e+002 0.000000000000000e+000
1.250000000000000e+002 0.000000000000000e+000
1.260000000000000e+002 0.000000000000000e+000
1.270000000000000e+002 0.000000000000000e+000
1.280000000000000e+002 0.000000000000000e+000
1.290000000000000e+002 0.000000000000000e+000
1.300000000000000e+002 0.000000000000000e+000
1.310000000000000e+002 0.000000000000000e+000
1.320000000000000e+002 0.000000000000000e+000
1.330000000000000e+002 0.000000000000000e+000
1.340000000000000e+002 0.000000000000000e+000
1.350000000000000e+002 0.000000000000000e+000
1.360000000000000e+002 0.000000000000000e+000
1.370000000000000e+002 0.000000000000000e+000
1.380000000000000e+002 0.000000000000000e+000
1.390000000000000e+002 0.000000000000000e+000
1.400000000000000e+002 0.000000000000000e+000
1.410000000000000e+002 0.000000000000000e+000
1.420000000000000e+002 0.000000000000000e+000
1.430000000000000e+002 0.000000000000000e+000
1.440000000000000e+002 0.000000000000000e+000
1.450000000000000e+002 0.000000000000000e+000
1.460000000000000e+002 0.000000000000000e+000
1.470000000000000e+002 0.000000000000000e+000
1.480000000000000e+002 0.000000000000000e+000
1.490000000000000e+002 0.000000000000000e+000
1.500000000000000e+002 0.000000000000000e+000
1.510000000000000e+002 0.000000000000000e+000
1.520000000000000e+002 0.000000000000000e+000
1.530000000000000e+002 0.000000000000000e+000
1.540000000000000e+002 0.000000000000000e+000
1.550000000000000e+002 0.000000000000000e+000
1.560000000000000e+002 0.000000000000000e+000
1.570000000000000e+002 0.000000000000000e+000
1.580000000000000e+002 0.000000000000000e+000
1.590000000000000e+002 0.000000000000000e+000
1.600000000000000e+002 0.000000000000000e+000
1.610000000000000e+002 0.000000000000000e+000
1.620000000000000e+002 0.000000000000000e+000
1.630000000000000e+002 0.000000000000000e+000
1.640000000000000e+002 0.000000000000000e+000
1.650000000000000e+002 0.000000000000000e+000
1.660000000000000e+002 0.000000000000000e+000
1.670000000000000e+002 0.000000000000000e+000
1.680000000000000e+002 0.000000000000000e+000
1.690000000000000e+002 0.000000000000000e+000
1.700000000000000e+002 0.000000000000000e+000
1.710000000000000e+002 0.000000000000000e+000
1.720000000000000e+002 0.000000000000000e+000
1.730000000000000e+002 0.000000000000000e+000
1.740000000000000e+002 0.000000000000000e+000
1.750000000000000e+002 0.000000000000000e+000
1.760000000000000e+002 0.000000000000000e+000
1.770000000000000e+002 0.000000000000000e+000
1.780000000000000e+002 0.000000000000000e+000
1.790000000000000e+002 0.000000000000000e+000
1.800000000000000e+002 0.000000000000000e+000
1.810000000000000e+002 0.000000000000000e+000
1.820000000000000e+002 0.000000000000000e+000
1.830000000000000e+002 0.000000000000000e+000
1.840000000000000e+002 0.000000000000000e+000
1.850000000000000e+002 0.000000000000000e+000
1.860000000000000e+002 0.000000000000000e+000
1.870000000000000e+002 0.000000000000000e+000
1.880000000000000e+002 0.000000000000000e+000
1.890000000000000e+002 0.000000000000000e+000
1.900000000000000e+002 0.000000000000000e+000
1.910000000000000e+002 0.000000000000000e+000
1.920000000000000e+002 0.000000000000000e+000
1.930000000000000e+002 0.000000000000000e+000
1.940000000000000e+002 0.000000000000000e+000
1.950000000000000e+002 0.000000000000000e+000
1.960000000000000e+002 0.000000000000000e+000
1.970000000000000e+002 0.000000000000000e+000
1.980000000000000e+002 0.000000000000000e+000
1.990000000000000e+002 0.000000000000000e+000
2.000000000000000e+002 0.000000000000000e+000
2.010000000000000e+002 0.000000000000000e+000
2.020000000000000e+002 0.000000000000000e+000
2.030000000000000e+002 0.000000000000000e+000
2.040000000000000e+002 0.000000000000000e+000
2.050000000000000e+002 0.000000000000000e+000
2.060000000000000e+002 0.000000000000000e+000
2.070000000000000e+002 0.000000000000000e+000
2.080000000000000e+002 0.000000000000000e+000
2.090000000000000e+002 0.000000000000000e+000
2.100000000000000e+002 0.000000000000000e+000
2.110000000000000e+002 0.000000000000000e+000
2.120000000000000e+002 0.000000000000000e+000
2.130000000000000e+002 0.000000000000000e+000
2.140000000000000e+002 0.000000000000000e+000
2.150000000000000e+002 0.000000000000000e+000
2.160000000000000e+002 0.000000000000000e+000
2.170000000000000e+002 0.000000000000000e+000
2.180000000000000e+002 0.000000000000000e+000
2.190000000000000e+002 0.000000000000000e+000
2.200000000000000e+002 0.000000000000000e+000
2.210000000000000e+002 0.000000000000000e+000
2.220000000000000e+002 0.000000000000000e+000
2.230000000000000e+002 0.000000000000000e+000
2.240000000000000e+002 0.000000000000000e+000
2.250000000000000e+002 0.000000000000000e+000
2.260000000000000e+002 0.000000000000000e+000
2.270000000000000e+002 0.000000000000000e+000
2.280000000000000e+002 0.000000000000000e+000
2.290000000000000e+002 0.000000000000000e+000
2.300000000000000e+002 0.000000000000000e+000
2.310000000000000e+002 0.000000000000000e+000
2.320000000000000e+002 0.000000000000000e+000
2.330000000000000e+002 0.000000000000000e+000
2.340000000000000e+002 0.000000000000000e+000
2.350000000000000e+002 0.000000000000000e+000
2.360000000000000e+002 0.000000000000000e+000
2.370000000000000e+002 0.000000000000000e+000
2.380000000000000e+002 0.000000000000000e+000
2.390000000000000e+002 0.000000000000000e+000
2.400000000000000e+002 0.000000000000000e+000
2.410000000000000e+002 0.000000000000000e+000
2.420000000000000e+002 0.000000000000000e+000
2.430000000000000e+002 0.000000000000000e+000
2.440000000000000e+002 0.000000000000000e+000
2.450000000000000e+002 0.000000000000000e+000
2.460000000000000e+002 0.000000000000000e+000
2.470000000000000e+002 0.000000000000000e+000
2.480000000000000e+002 0.000000000000000e+000
2.490000000000000e+002 0.000000000000000e+000
2.500000000000000e+002 0.000000000000000e+000
2.510000000000000e+002 0.000000000000000e+000
2.520000000000000e+002 0.000000000000000e+000
2.530000000000000e+002 0.000000000000000e+000
2.540000000000000e+002 0.000000000000000e+000
2.550000000000000e+002 0.000000000000000e+000
2.560000000000000e+002 0.000000000000000e+000
2.570000000000000e+002 0.000000000000000e+000
2.580000000000000e+002 0.000000000000000e+000
2.590000000000000e+002 0.000000000000000e+000
2.600000000000000e+002 0.000000000000000e+000
2.610000000000000e+002 0.000000000000000e+000
2.620000000000000e+002 0.000000000000000e+000
2.630000000000000e+002 0.000000000000000e+000
2.640000000000000e+002 0.000000000000000e+000
2.650000000000000e+002 0.000000000000000e+000
2.660000000000000e+002 0.000000000000000e+000
2.670000000000000e+002 0.000000000000000e+000
2.680000000000000e+002 0.000000000000000e+000
2.690000000000000e+002 0.000000000000000e+000
2.700000000000000e+002 0.000000000000000e+000
2.710000000000000e+002 0.000000000000000e+000
2.720000000000000e+002 0.000000000000000e+000
2.730000000000000e+002 0.000000000000000e+000
2.740000000000000e+002 0.000000000000000e+000
2.750000000000000e+002 0.000000000000000e+000
2.760000000000000e+002 0.000000000000000e+000
2.770000000000000e+002 0.000000000000000e+000
2.780000000000000e+002 0.000000000000000e+000
2.790000000000000e+002 0.000000000000000e+000
2.800000000000000e+002 0.000000000000000e+000
2.810000000000000e+002 0.000000000000000e+000
2.820000000000000e+002 0.000000000000000e+000
2.830000000000000e+002 0.000000000000000e+000
2.840000000000000e+002 0.000000000000000e+000
2.850000000000000e+002 0.000000000000000e+000
2.860000000000000e+002 0.000000000000000e+000
2.870000000000000e+002 0.000000000000000e+000
2.880000000000000e+002 0.000000000000000e+000
2.890000000000000e+002 0.000000000000000e+000
2.900000000000000e+002 0.000000000000000e+000
2.910000000000000e+002 0.000000000000000e+000
2.920000000000000e+002 0.000000000000000e+000
2.930000000000000e+002 0.000000000000000e+000
2.940000000000000e+002 0.000000000000000e+000
2.950000000000000e+002 0.000000000000000e+000
2.960000000000000e+002 0.000000000000000e+000
2.970000000000000e+002 0.000000000000000e+000
2.980000000000000e+002 0.000000000000000e+000
2.990000000000000e+002 0.000000000000000e+000
3.000000000000000e+002 0.000000000000000e+000
3.010000000000000e+002 0.000000000000000e+000
3.020000000000000e+002 0.000000000000000e+000
3.030000000000000e+002 0.000000000000000e+000
3.040000000000000e+002 0.000000000000000e+000
3.050000000000000e+002 0.000000000000000e+000
3.060000000000000e+002 0.000000000000000e+000
3.070000000000000e+002 0.000000000000000e+000
3.080000000000000e+002 0.000000000000000e+000
3.090000000000000e+002 0.000000000000000e+000
3.100000000000000e+002 0.000000000000000e+000
3.110000000000000e+002 0.000000000000000e+000
3.120000000000000e+002 0.000000000000000e+000
3.130000000000000e+002 0.000000000000000e+000
3.140000000000000e+002 0.000000000000000e+000
3.150000000000000e+002 0.000000000000000e+000
3.160000000000000e+002 0.000000000000000e+000
3.170000000000000e+002 0.000000000000000e+000
3.180000000000000e+002 0.000000000000000e+000
3.190000000000000e+002 0.000000000000000e+000
3.200000000000000e+002 0.000000000000000e+000
3.210000000000000e+002 0.000000000000000e+000
3.220000000000000e+002 0.000000000000000e+000
3.230000000000000e+002 0.000000000000000e+000
3.240000000000000e+002 0.000000000000000e+000
3.250000000000000e+002 0.000000000000000e+000
3.260000000000000e+002 0.000000000000000e+000
3.270000000000000e+002 0.000000000000000e+000
3.280000000000000e+002 0.000000000000000e+000
3.290000000000000e+002 0.000000000000000e+000
3.300000000000000e+002 0.000000000000000e+000
3.310000000000000e+002 0.000000000000000e+000
3.320000000000000e+002 0.000000000000000e+000
3.330000000000000e+002 0.000000000000000e+000
3.340000000000000e+002 0.000000000000000e+000
3.350000000000000e+002 0.000000000000000e+000
3.360000000000000e+002 0.000000000000000e+000
3.370000000000000e+002 0.000000000000000e+000
3.380000000000000e+002 0.000000000000000e+000
3.390000000000000e+002 0.000000000000000e+000
3.400000000000000e+002 0.000000000000000e+000
3.410000000000000e+002 0.000000000000000e+000
3.420000000000000e+002 0.000000000000000e+000
3.430000000000000e+002 0.000000000000000e+000
3.440000000000000e+002 0.000000000000000e+000
3.450000000000000e+002 0.000000000000000e+000
3.460000000000000e+002 0.000000000000000e+000
3.470000000000000e+002 0.000000000000000e+000
3.480000000000000e+002 0.000000000000000e+000
3.490000000000000e+002 0.000000000000000e+000
3.500000000000000e+002 0.000000000000000e+000
3.510000000000000e+002 0.000000000000000e+000
3.520000000000000e+002 0.000000000000000e+000
3.530000000000000e+002 0.000000000000000e+000
3.540000000000000e+002 0.000000000000000e+000
