-3.530000000000000e+002 0.000000000000000e+000
-3.520000000000000e+002 0.000000000000000e+000
-3.510000000000000e+002 0.000000000000000e+000
-3.500000000000000e+002 0.000000000000000e+000
-3.490000000000000e+002 0.000000000000000e+000
-3.480000000000000e+002 0.000000000000000e+000
-3.470000000000000e+002 0.000000000000000e+000
-3.460000000000000e+002 0.000000000000000e+000
-3.450000000000000e+002 0.000000000000000e+000
-3.440000000000000e+002 0.000000000000000e+000
-3.430000000000000e+002 0.000000000000000e+000
-3.420000000000000e+002 0.000000000000000e+000
-3.410000000000000e+002 0.000000000000000e+000
-3.400000000000000e+002 0.000000000000000e+000
-3.390000000000000e+002 0.000000000000000e+000
-3.380000000000000e+002 0.000000000000000e+000
-3.370000000000000e+002 0.000000000000000e+000
-3.360000000000000e+002 0.000000000000000e+000
-3.350000000000000e+002 0.000000000000000e+000
-3.340000000000000e+002 0.000000000000000e+000
-3.330000000000000e+002 0.000000000000000e+000
-3.320000000000000e+002 0.000000000000000e+000
-3.310000000000000e+002 0.000000000000000e+000
-3.300000000000000e+002 0.000000000000000e+000
-3.290000000000000e+002 0.000000000000000e+000
-3.280000000000000e+002 0.000000000000000e+000
-3.270000000000000e+002 0.000000000000000e+000
-3.260000000000000e+002 0.000000000000000e+000
-3.250000000000000e+002 0.000000000000000e+000
-3.240000000000000e+002 0.000000000000000e+000
-3.230000000000000e+002 0.000000000000000e+000
-3.220000000000000e+002 0.000000000000000e+000
-3.210000000000000e+002 0.000000000000000e+000
-3.200000000000000e+002 0.000000000000000e+000
-3.190000000000000e+002 0.000000000000000e+000
-3.180000000000000e+002 0.000000000000000e+000
-3.170000000000000e+002 0.000000000000000e+000
-3.160000000000000e+002 0.000000000000000e+000
-3.150000000000000e+002 0.000000000000000e+000
-3.140000000000000e+002 0.000000000000000e+000
-3.130000000000000e+002 0.000000000000000e+000
-3.120000000000000e+002 0.000000000000000e+000
-3.110000000000000e+002 0.000000000000000e+000
-3.100000000000000e+002 0.000000000000000e+000
-3.090000000000000e+002 0.000000000000000e+000
-3.080000000000000e+002 0.000000000000000e+000
-3.070000000000000e+002 0.000000000000000e+000
-3.060000000000000e+002 0.000000000000000e+000
-3.050000000000000e+002 0.000000000000000e+000
-3.040000000000000e+002 0.000000000000000e+000
-3.030000000000000e+002 0.000000000000000e+000
-3.020000000000000e+002 0.000000000000000e+000
-3.010000000000000e+002 0.000000000000000e+000
-3.000000000000000e+002 0.000000000000000e+000
-2.990000000000000e+002 0.000000000000000e+000
-2.980000000000000e+002 0.000000000000000e+000
-2.970000000000000e+002 0.000000000000000e+000
-2.960000000000000e+002 0.000000000000000e+000
-2.950000000000000e+002 0.000000000000000e+000
-2.940000000000000e+002 0.000000000000000e+000
-2.930000000000000e+002 0.000000000000000e+000
-2.920000000000000e+002 0.000000000000000e+000
-2.910000000000000e+002 0.000000000000000e+000
-2.900000000000000e+002 0.000000000000000e+000
-2.890000000000000e+002 0.000000000000000e+000
-2.880000000000000e+002 0.000000000000000e+000
-2.870000000000000e+002 0.000000000000000e+000
-2.860000000000000e+002 0.000000000000000e+000
-2.850000000000000e+002 0.000000000000000e+000
-2.840000000000000e+002 0.000000000000000e+000
-2.830000000000000e+002 0.000000000000000e+000
-2.820000000000000e+002 0.000000000000000e+000
-2.810000000000000e+002 0.000000000000000e+000
-2.800000000000000e+002 0.000000000000000e+000
-2.790000000000000e+002 0.000000000000000e+000
-2.780000000000000e+002 0.000000000000000e+000
-2.770000000000000e+002 0.000000000000000e+000
-2.760000000000000e+002 0.000000000000000e+000
-2.750000000000000e+002 0.000000000000000e+000
-2.740000000000000e+002 0.000000000000000e+000
-2.730000000000000e+002 0.000000000000000e+000
-2.720000000000000e+002 0.000000000000000e+000
-2.710000000000000e+002 0.000000000000000e+000
-2.700000000000000e+002 0.000000000000000e+000
-2.690000000000000e+002 0.000000000000000e+000
-2.680000000000000e+002 0.000000000000000e+000
-2.670000000000000e+002 0.000000000000000e+000
-2.660000000000000e+002 0.000000000000000e+000
-2.650000000000000e+002 0.000000000000000e+000
-2.640000000000000e+002 0.000000000000000e+000
-2.630000000000000e+002 0.000000000000000e+000
-2.620000000000000e+002 0.000000000000000e+000
-2.610000000000000e+002 0.000000000000000e+000
-2.600000000000000e+002 0.000000000000000e+000
-2.590000000000000e+002 0.000000000000000e+000
-2.580000000000000e+002 0.000000000000000e+000
-2.570000000000000e+002 0.000000000000000e+000
-2.560000000000000e+002 0.000000000000000e+000
-2.550000000000000e+002 0.000000000000000e+000
-2.540000000000000e+002 0.000000000000000e+000
-2.530000000000000e+002 0.000000000000000e+000
-2.520000000000000e+002 0.000000000000000e+000
-2.510000000000000e+002 0.000000000000000e+000
-2.500000000000000e+002 0.000000000000000e+000
-2.490000000000000e+002 0.000000000000000e+000
-2.480000000000000e+002 0.000000000000000e+000
-2.470000000000000e+002 0.000000000000000e+000
-2.460000000000000e+002 0.000000000000000e+000
-2.450000000000000e+002 0.000000000000000e+000
-2.440000000000000e+002 0.000000000000000e+000
-2.430000000000000e+002 0.000000000000000e+000
-2.420000000000000e+002 0.000000000000000e+000
-2.410000000000000e+002 0.000000000000000e+000
-2.400000000000000e+002 0.000000000000000e+000
-2.390000000000000e+002 0.000000000000000e+000
-2.380000000000000e+002 0.000000000000000e+000
-2.370000000000000e+002 0.000000000000000e+000
-2.360000000000000e+002 0.000000000000000e+000
-2.350000000000000e+002 0.000000000000000e+000
-2.340000000000000e+002 0.000000000000000e+000
-2.330000000000000e+002 0.000000000000000e+000
-2.320000000000000e+002 0.000000000000000e+000
-2.310000000000000e+002 0.000000000000000e+000
-2.300000000000000e+002 0.000000000000000e+000
-2.290000000000000e+002 0.000000000000000e+000
-2.280000000000000e+002 0.000000000000000e+000
-2.270000000000000e+002 0.000000000000000e+000
-2.260000000000000e+002 0.000000000000000e+000
-2.250000000000000e+002 0.000000000000000e+000
-2.240000000000000e+002 0.000000000000000e+000
-2.230000000000000e+002 8.357167494486905e-004
-2.220000000000000e+002 2.801285157559377e-003
-2.210000000000000e+002 1.004923522015081e-002
-2.200000000000000e+002 2.721729004361844e-002
-2.190000000000000e+002 5.865805647107040e-002
-2.180000000000000e+002 1.102552907260503e-001
-2.170000000000000e+002 1.879305814757705e-001
-2.160000000000000e+002 3.012931936439290e-001
-2.150000000000000e+002 4.622717487514825e-001
-2.140000000000000e+002 6.865843234639696e-001
-2.130000000000000e+002 9.902203165599329e-001
-2.120000000000000e+002 1.386835883713503e+000
-2.110000000000000e+002 1.898672146771083e+000
-2.100000000000000e+002 2.547869410061417e+000
-2.090000000000000e+002 3.354455394964934e+000
-2.080000000000000e+002 4.332129478910348e+000
-2.070000000000000e+002 5.498515993848936e+000
-2.060000000000000e+002 6.859439767016982e+000
-2.050000000000000e+002 8.416944996694516e+000
-2.040000000000000e+002 1.016195922966225e+001
-2.030000000000000e+002 1.208178295869872e+001
-2.020000000000000e+002 1.415323348244520e+001
-2.010000000000000e+002 1.634666356826217e+001
-2.000000000000000e+002 1.862225017810104e+001
-1.990000000000000e+002 2.094589575653840e+001
-1.980000000000000e+002 2.326669492368915e+001
-1.970000000000000e+002 2.555589793871766e+001
-1.960000000000000e+002 2.777755316190332e+001
-1.950000000000000e+002 2.990784584899056e+001
-1.940000000000000e+002 3.194844502611318e+001
-1.930000000000000e+002 3.388612546447583e+001
-1.920000000000000e+002 3.574487653432726e+001
-1.910000000000000e+002 3.753749907106802e+001
-1.900000000000000e+002 3.930075761620759e+001
-1.890000000000000e+002 4.106184055721825e+001
-1.880000000000000e+002 4.286026095570041e+001
-1.870000000000000e+002 4.473370130765222e+001
-1.860000000000000e+002 4.670166246282037e+001
-1.850000000000000e+002 4.880097502235456e+001
-1.840000000000000e+002 5.103194604199069e+001
-1.830000000000000e+002 5.340498158119928e+001
-1.820000000000000e+002 5.592486452986374e+001
-1.810000000000000e+002 5.857127137417684e+001
-1.800000000000000e+002 6.131802574122112e+001
-1.790000000000000e+002 6.419035444831630e+001
-1.780000000000000e+002 6.717801008375936e+001
-1.770000000000000e+002 7.029506939276115e+001
-1.760000000000000e+002 7.357345326866907e+001
-1.750000000000000e+002 7.702411080281948e+001
-1.740000000000000e+002 8.069795514740768e+001
-1.730000000000000e+002 8.460587723978755e+001
-1.720000000000000e+002 8.878020818480687e+001
-1.710000000000000e+002 9.324018038153626e+001
-1.700000000000000e+002 9.797263964806498e+001
-1.690000000000000e+002 1.029529798598079e+002
-1.680000000000000e+002 1.081199003479477e+002
-1.670000000000000e+002 1.133981711388230e+002
-1.660000000000000e+002 1.187028890884100e+002
-1.650000000000000e+002 1.239116976295210e+002
-1.640000000000000e+002 1.289108225623232e+002
-1.630000000000000e+002 1.335742310692274e+002
-1.620000000000000e+002 1.377908349030903e+002
-1.610000000000000e+002 1.414708140026651e+002
-1.600000000000000e+002 1.445407736476341e+002
-1.590000000000000e+002 1.469571534292898e+002
-1.580000000000000e+002 1.486986761635824e+002
-1.570000000000000e+002 1.497763421228752e+002
-1.560000000000000e+002 1.502231223279478e+002
-1.550000000000000e+002 1.500880710944240e+002
-1.540000000000000e+002 1.494401868499251e+002
-1.530000000000000e+002 1.483615813329880e+002
-1.520000000000000e+002 1.469271180413315e+002
-1.510000000000000e+002 1.452077214418358e+002
-1.500000000000000e+002 1.432878490394955e+002
-1.490000000000000e+002 1.412186564644610e+002
-1.480000000000000e+002 1.390829794482177e+002
-1.470000000000000e+002 1.369321213251671e+002
-1.460000000000000e+002 1.347964816605596e+002
-1.450000000000000e+002 1.327529936427095e+002
-1.440000000000000e+002 1.308384708951062e+002
-1.430000000000000e+002 1.290801417524572e+002
-1.420000000000000e+002 1.275279537683243e+002
-1.410000000000000e+002 1.262229350828004e+002
-1.400000000000000e+002 1.252022719375868e+002
-1.390000000000000e+002 1.244854818437056e+002
-1.380000000000000e+002 1.240636613717440e+002
-1.370000000000000e+002 1.239354290913982e+002
-1.360000000000000e+002 1.240808208415190e+002
-1.350000000000000e+002 1.244488462131495e+002
-1.340000000000000e+002 1.249946379608173e+002
-1.330000000000000e+002 1.256251304606638e+002
-1.320000000000000e+002 1.262954151690959e+002
-1.310000000000000e+002 1.268970033536426e+002
-1.300000000000000e+002 1.273560791373969e+002
-1.290000000000000e+002 1.276214395438781e+002
-1.280000000000000e+002 1.276279549243576e+002
-1.270000000000000e+002 1.273234804005528e+002
-1.260000000000000e+002 1.267232787263288e+002
-1.250000000000000e+002 1.258043156486785e+002
-1.240000000000000e+002 1.245965586109813e+002
-1.230000000000000e+002 1.231474728481783e+002
-1.220000000000000e+002 1.215217772313945e+002
-1.210000000000000e+002 1.197317792057411e+002
-1.200000000000000e+002 1.178413453677244e+002
-1.190000000000000e+002 1.158965394721778e+002
-1.180000000000000e+002 1.139067749660887e+002
-1.170000000000000e+002 1.118927643696581e+002
-1.160000000000000e+002 1.098624597174339e+002
-1.150000000000000e+002 1.077917389847346e+002
-1.140000000000000e+002 1.056865867821875e+002
-1.130000000000000e+002 1.035058140730559e+002
-1.120000000000000e+002 1.012342753887444e+002
-1.110000000000000e+002 9.888627329518640e+001
-1.100000000000000e+002 9.645478756214540e+001
-1.090000000000000e+002 9.393199052850539e+001
-1.080000000000000e+002 9.136021304637903e+001
-1.070000000000000e+002 8.875034674062158e+001
-1.060000000000000e+002 8.614795124067372e+001
-1.050000000000000e+002 8.361787168668950e+001
-1.040000000000000e+002 8.117023792891248e+001
-1.030000000000000e+002 7.887031168935503e+001
-1.020000000000000e+002 7.677333271180764e+001
-1.010000000000000e+002 7.487765934163156e+001
-1.000000000000000e+002 7.319527073603638e+001
-9.900000000000000e+001 7.174163132156167e+001
-9.800000000000000e+001 7.050948345463644e+001
-9.700000000000000e+001 6.945676354670681e+001
-9.600000000000000e+001 6.856131985229118e+001
-9.500000000000000e+001 6.778078279433231e+001
-9.400000000000000e+001 6.706331768238472e+001
-9.300000000000000e+001 6.637286462159751e+001
-9.200000000000000e+001 6.566248795452596e+001
-9.100000000000000e+001 6.487694048152424e+001
-9.000000000000000e+001 6.399410710217831e+001
-8.900000000000000e+001 6.298413331056629e+001
-8.800000000000000e+001 6.182845500076220e+001
-8.700000000000000e+001 6.055190024607874e+001
-8.600000000000000e+001 5.918206087097828e+001
-8.500000000000000e+001 5.771065078549719e+001
-8.400000000000000e+001 5.618671414330186e+001
-8.300000000000000e+001 5.466180291452893e+001
-8.200000000000000e+001 5.315895685137563e+001
-8.100000000000000e+001 5.171001126576789e+001
-8.000000000000000e+001 5.037258527603094e+001
-7.900000000000000e+001 4.915626554673543e+001
-7.800000000000000e+001 4.806501224216706e+001
-7.700000000000000e+001 4.712779440890987e+001
-7.600000000000000e+001 4.631953405419050e+001
-7.500000000000000e+001 4.562753611843975e+001
-7.400000000000000e+001 4.504401482486706e+001
-7.300000000000000e+001 4.452966622999879e+001
-7.200000000000000e+001 4.407860169033646e+001
-7.100000000000000e+001 4.364522395008059e+001
-7.000000000000000e+001 4.320826373124944e+001
-6.900000000000000e+001 4.274731567890667e+001
-6.800000000000000e+001 4.225481465742298e+001
-6.700000000000000e+001 4.169229176704728e+001
-6.600000000000000e+001 4.104588403338836e+001
-6.500000000000000e+001 4.029585956885254e+001
-6.400000000000000e+001 3.942143086093414e+001
-6.300000000000000e+001 3.841590832491642e+001
-6.200000000000000e+001 3.724866989003930e+001
-6.100000000000000e+001 3.592335053358211e+001
-6.000000000000000e+001 3.443797203052618e+001
-5.900000000000000e+001 3.279082338926653e+001
-5.800000000000000e+001 3.098661960644563e+001
-5.700000000000000e+001 2.904224808268785e+001
-5.600000000000000e+001 2.698386433102326e+001
-5.500000000000000e+001 2.484033938828969e+001
-5.400000000000000e+001 2.263833684180381e+001
-5.300000000000000e+001 2.042653675293083e+001
-5.200000000000000e+001 1.823395624097036e+001
-5.100000000000000e+001 1.610491837973089e+001
-5.000000000000000e+001 1.407682265984894e+001
-4.900000000000000e+001 1.218654741889067e+001
-4.800000000000000e+001 1.045594865852336e+001
-4.700000000000000e+001 8.903318825400738e+000
-4.600000000000000e+001 7.536344860823829e+000
-4.500000000000000e+001 6.366400577544042e+000
-4.400000000000000e+001 5.389843222463837e+000
-4.300000000000000e+001 4.603481843189737e+000
-4.200000000000000e+001 3.985060920494176e+000
-4.100000000000000e+001 3.522003162841368e+000
-4.000000000000000e+001 3.204817727279553e+000
-3.900000000000000e+001 3.016497039402679e+000
-3.800000000000000e+001 2.929814786578584e+000
-3.700000000000000e+001 2.938435173850256e+000
-3.600000000000000e+001 3.016400691170673e+000
-3.500000000000000e+001 3.152765182739899e+000
-3.400000000000000e+001 3.327392492671812e+000
-3.300000000000000e+001 3.520513325860418e+000
-3.200000000000000e+001 3.725635303956877e+000
-3.100000000000000e+001 3.929318731170479e+000
-3.000000000000000e+001 4.124784843843881e+000
-2.900000000000000e+001 4.298542671863597e+000
-2.800000000000000e+001 4.441676756063708e+000
-2.700000000000000e+001 4.548303037291980e+000
-2.600000000000000e+001 4.614199956121288e+000
-2.500000000000000e+001 4.637489724655069e+000
-2.400000000000000e+001 4.614979416289355e+000
-2.300000000000000e+001 4.546836364586524e+000
-2.200000000000000e+001 4.435936507786017e+000
-2.100000000000000e+001 4.282898745743821e+000
-2.000000000000000e+001 6.771531434183373e+000
-1.900000000000000e+001 7.953790977922030e+000
-1.800000000000000e+001 9.713701131184816e+000
-1.700000000000000e+001 1.224917274803751e+001
-1.600000000000000e+001 1.578629217229128e+001
-1.500000000000000e+001 2.057038972537706e+001
-1.400000000000000e+001 2.684772755724825e+001
-1.300000000000000e+001 3.484286460517909e+001
-1.200000000000000e+001 4.472695655459430e+001
-1.100000000000000e+001 5.658698736096505e+001
-1.000000000000000e+001 7.038739191606074e+001
-9.000000000000000e+000 8.594362790985214e+001
-8.000000000000000e+000 1.028976806069982e+002
-7.000000000000000e+000 1.207177617726245e+002
-6.000000000000000e+000 1.387132916676888e+002
-5.000000000000000e+000 1.560674345511580e+002
-4.000000000000000e+000 1.718990908875312e+002
-3.000000000000000e+000 1.853303400751815e+002
-2.000000000000000e+000 1.955646250590243e+002
-1.000000000000000e+000 2.019685522234079e+002
0.000000000000000e+000 2.041306745267713e+002
1.000000000000000e+000 2.019056616077806e+002
2.000000000000000e+000 1.954335438449506e+002
3.000000000000000e+000 1.851191676957815e+002
4.000000000000000e+000 1.715948095279543e+002
5.000000000000000e+000 1.556524734965380e+002
6.000000000000000e+000 1.381678804836023e+002
7.000000000000000e+000 1.200208857231377e+002
8.000000000000000e+000 1.020235507462114e+002
9.000000000000000e+000 8.486709600912415e+001
1.000000000000000e+001 6.908297975812719e+001
1.100000000000000e+001 5.502950349649851e+001
1.200000000000000e+001 4.289561904697231e+001
1.300000000000000e+001 3.272073854655159e+001
1.400000000000000e+001 2.442452172577236e+001
1.500000000000000e+001 1.784110920176633e+001
1.600000000000000e+001 1.275294384327643e+001
1.700000000000000e+001 8.920554600883168e+000
1.800000000000000e+001 6.106130431443094e+000
1.900000000000000e+001 4.090092318318946e+000
2.000000000000000e+001 2.680976190435770e+000
2.100000000000000e+001 0.000000000000000e+000
2.200000000000000e+001 0.000000000000000e+000
2.300000000000000e+001 0.000000000000000e+000
2.400000000000000e+001 0.000000000000000e+000
2.500000000000000e+001 0.000000000000000e+000
2.600000000000000e+001 0.000000000000000e+000
2.700000000000000e+001 0.000000000000000e+000
2.800000000000000e+001 0.000000000000000e+000
2.900000000000000e+001 0.000000000000000e+000
3.000000000000000e+001 0.000000000000000e+000
3.100000000000000e+001 0.000000000000000e+000
3.200000000000000e+001 0.000000000000000e+000
3.300000000000000e+001 0.000000000000000e+000
3.400000000000000e+001 0.000000000000000e+000
3.500000000000000e+001 0.000000000000000e+000
3.600000000000000e+001 0.000000000000000e+000
3.700000000000000e+001 0.000000000000000e+000
3.800000000000000e+001 0.000000000000000e+000
3.900000000000000e+001 0.000000000000000e+000
4.000000000000000e+001 0.000000000000000e+000
4.100000000000000e+001 0.000000000000000e+000
4.200000000000000e+001 0.000000000000000e+000
4.300000000000000e+001 0.000000000000000e+000
4.400000000000000e+001 0.000000000000000e+000
4.500000000000000e+001 0.000000000000000e+000
4.600000000000000e+001 0.000000000000000e+000
4.700000000000000e+001 0.000000000000000e+000
4.800000000000000e+001 0.000000000000000e+000
4.900000000000000e+001 0.000000000000000e+000
5.000000000000000e+001 0.000000000000000e+000
5.100000000000000e+001 0.000000000000000e+000
5.200000000000000e+001 0.000000000000000e+000
5.300000000000000e+001 0.000000000000000e+000
5.400000000000000e+001 0.000000000000000e+000
5.500000000000000e+001 0.000000000000000e+000
5.600000000000000e+001 0.000000000000000e+000
5.700000000000000e+001 0.000000000000000e+000
5.800000000000000e+001 0.000000000000000e+000
5.900000000000000e+001 0.000000000000000e+000
6.000000000000000e+001 0.000000000000000e+000
6.100000000000000e+001 0.000000000000000e+000
6.200000000000000e+001 0.000000000000000e+000
6.300000000000000e+001 0.000000000000000e+000
6.400000000000000e+001 0.000000000000000e+000
6.500000000000000e+001 0.000000000000000e+000
6.600000000000000e+001 0.000000000000000e+000
6.700000000000000e+001 0.000000000000000e+000
6.800000000000000e+001 0.000000000000000e+000
6.900000000000000e+001 0.000000000000000e+000
7.000000000000000e+001 0.000000000000000e+000
7.100000000000000e+001 0.000000000000000e+000
7.200000000000000e+001 0.000000000000000e+000
7.300000000000000e+001 0.000000000000000e+000
7.400000000000000e+001 0.000000000000000e+000
7.500000000000000e+001 0.000000000000000e+000
7.600000000000000e+001 0.000000000000000e+000
7.700000000000000e+001 0.000000000000000e+000
7.800000000000000e+001 0.000000000000000e+000
7.900000000000000e+001 0.000000000000000e+000
8.000000000000000e+001 0.000000000000000e+000
8.100000000000000e+001 0.000000000000000e+000
8.200000000000000e+001 0.000000000000000e+000
8.300000000000000e+001 0.000000000000000e+000
8.400000000000000e+001 0.000000000000000e+000
8.500000000000000e+001 0.000000000000000e+000
8.600000000000000e+001 0.000000000000000e+000
8.700000000000000e+001 0.000000000000000e+000
8.800000000000000e+001 0.000000000000000e+000
8.900000000000000e+001 0.000000000000000e+000
9.000000000000000e+001 0.000000000000000e+000
9.100000000000000e+001 0.000000000000000e+000
9.200000000000000e+001 0.000000000000000e+000
9.300000000000000e+001 0.000000000000000e+000
9.400000000000000e+001 0.000000000000000e+000
9.500000000000000e+001 0.000000000000000e+000
9.600000000000000e+001 0.000000000000000e+000
9.700000000000000e+001 0.000000000000000e+000
9.800000000000000e+001 0.000000000000000e+000
9.900000000000000e+001 0.000000000000000e+000
1.000000000000000e+002 0.000000000000000e+000
1.010000000000000e+002 0.000000000000000e+000
1.020000000000000e+002 0.000000000000000e+000
1.030000000000000e+002 0.000000000000000e+000
1.040000000000000e+002 0.000000000000000e+000
1.050000000000000e+002 0.000000000000000e+000
1.060000000000000e+002 0.000000000000000e+000
1.070000000000000e+002 0.000000000000000e+000
1.080000000000000e+002 0.000000000000000e+000
1.090000000000000e+002 0.000000000000000e+000
1.100000000000000e+002 0.000000000000000e+000
1.110000000000000e+002 0.000000000000000e+000
1.120000000000000e+002 0.000000000000000e+000
1.130000000000000e+002 0.000000000000000e+000
1.140000000000000e+002 0.000000000000000e+000
1.150000000000000e+002 0.000000000000000e+000
1.160000000000000e+002 0.000000000000000e+000
1.170000000000000e+002 0.000000000000000e+000
1.180000000000000e+002 0.000000000000000e+000
1.190000000000000e+002 0.000000000000000e+000
1.200000000000000e+002 0.000000000000000e+000
1.210000000000000e+002 0.000000000000000e+000
1.220000000000000e+002 0.000000000000000e+000
1.230000000000000e+002 0.000000000000000e+000
1.240000000000000e+002 0.000000000000000e+000
1.250000000000000e+002 0.000000000000000e+000
1.260000000000000e+002 0.000000000000000e+000
1.270000000000000e+002 0.000000000000000e+000
1.280000000000000e+002 0.000000000000000e+000
1.290000000000000e+002 0.000000000000000e+000
1.300000000000000e+002 0.000000000000000e+000
1.310000000000000e+002 0.000000000000000e+000
1.320000000000000e+002 0.000000000000000e+000
1.330000000000000e+002 0.000000000000000e+000
1.340000000000000e+002 0.000000000000000e+000
1.350000000000000e+002 0.000000000000000e+000
1.360000000000000e+002 0.000000000000000e+000
1.370000000000000e+002 0.000000000000000e+000
1.380000000000000e+002 0.000000000000000e+000
1.390000000000000e+002 0.000000000000000e+000
1.400000000000000e+002 0.000000000000000e+000
1.410000000000000e+002 0.000000000000000e+000
1.420000000000000e+002 0.000000000000000e+000
1.430000000000000e+002 0.000000000000000e+000
1.440000000000000e+002 0.000000000000000e+000
1.450000000000000e+002 0.000000000000000e+000
1.460000000000000e+002 0.000000000000000e+000
1.470000000000000e+002 0.000000000000000e+000
1.480000000000000e+002 0.000000000000000e+000
1.490000000000000e+002 0.000000000000000e+000
1.500000000000000e+002 0.000000000000000e+000
1.510000000000000e+002 0.000000000000000e+000
1.520000000000000e+002 0.000000000000000e+000
1.530000000000000e+002 0.000000000000000e+000
1.540000000000000e+002 0.000000000000000e+000
1.550000000000000e+002 0.000000000000000e+000
1.560000000000000e+002 0.000000000000000e+000
1.570000000000000e+002 0.000000000000000e+000
1.580000000000000e+002 0.000000000000000e+000
1.590000000000000e+002 0.000000000000000e+000
1.600000000000000e+002 0.000000000000000e+000
1.610000000000000e+002 0.000000000000000e+000
1.620000000000000e+002 0.000000000000000e+000
1.630000000000000e+002 0.000000000000000e+000
1.640000000000000e+002 0.000000000000000e+000
1.650000000000000e+002 0.000000000000000e+000
1.660000000000000e+002 0.000000000000000e+000
1.670000000000000e+002 0.000000000000000e+000
1.680000000000000e+002 0.000000000000000e+000
1.690000000000000e+002 0.000000000000000e+000
1.700000000000000e+002 0.000000000000000e+000
1.710000000000000e+002 0.000000000000000e+000
1.720000000000000e+002 0.000000000000000e+000
1.730000000000000e+002 0.000000000000000e+000
1.740000000000000e+002 0.000000000000000e+000
1.750000000000000e+002 0.000000000000000e+000
1.760000000000000e+002 0.000000000000000e+000
1.770000000000000e+002 0.000000000000000e+000
1.780000000000000e+002 0.000000000000000e+000
1.790000000000000e+002 0.000000000000000e+000
1.800000000000000e+002 0.000000000000000e+000
1.810000000000000e+002 0.000000000000000e+000
1.820000000000000e+002 0.000000000000000e+000
1.830000000000000e+002 0.000000000000000e+000
1.840000000000000e+002 0.000000000000000e+000
1.850000000000000e+002 0.000000000000000e+000
1.860000000000000e+002 0.000000000000000e+000
1.870000000000000e+002 0.000000000000000e+000
1.880000000000000e+002 0.000000000000000e+000
1.890000000000000e+002 0.000000000000000e+000
1.900000000000000e+002 0.000000000000000e+000
1.910000000000000e+002 0.000000000000000e+000
1.920000000000000e+002 0.000000000000000e+000
1.930000000000000e+002 0.000000000000000e+000
1.940000000000000e+002 0.000000000000000e+000
1.950000000000000e+002 0.000000000000000e+000
1.960000000000000e+002 0.000000000000000e+000
1.970000000000000e+002 0.000000000000000e+000
1.980000000000000e+002 0.000000000000000e+000
1.990000000000000e+002 0.000000000000000e+000
2.000000000000000e+002 0.000000000000000e+000
2.010000000000000e+002 0.000000000000000e+000
2.020000000000000e+002 0.000000000000000e+000
2.030000000000000e+002 0.000000000000000e+000
2.040000000000000e+002 0.000000000000000e+000
2.050000000000000e+002 0.000000000000000e+000
2.060000000000000e+002 0.000000000000000e+000
2.070000000000000e+002 0.000000000000000e+000
2.080000000000000e+002 0.000000000000000e+000
2.090000000000000e+002 0.000000000000000e+000
2.100000000000000e+002 0.000000000000000e+000
2.110000000000000e+002 0.000000000000000e+000
2.120000000000000e+002 0.000000000000000e+000
2.130000000000000e+002 0.000000000000000e+000
2.140000000000000e+002 0.000000000000000e+000
2.150000000000000e+002 0.000000000000000e+000
2.160000000000000e+002 0.000000000000000e+000
2.170000000000000e+002 0.000000000000000e+000
2.180000000000000e+002 0.000000000000000e+000
2.190000000000000e+002 0.000000000000000e+000
2.200000000000000e+002 0.000000000000000e+000
2.210000000000000e+002 0.000000000000000e+000
2.220000000000000e+002 0.000000000000000e+000
2.230000000000000e+002 0.000000000000000e+000
2.240000000000000e+002 0.000000000000000e+000
2.250000000000000e+002 0.000000000000000e+000
2.260000000000000e+002 0.000000000000000e+000
2.270000000000000e+002 0.000000000000000e+000
2.280000000000000e+002 0.000000000000000e+000
2.290000000000000e+002 0.000000000000000e+000
2.300000000000000e+002 0.000000000000000e+000
2.310000000000000e+002 0.000000000000000e+000
2.320000000000000e+002 0.000000000000000e+000
2.330000000000000e+002 0.000000000000000e+000
2.340000000000000e+002 0.000000000000000e+000
2.350000000000000e+002 0.000000000000000e+000
2.360000000000000e+002 0.000000000000000e+000
2.370000000000000e+002 0.000000000000000e+000
2.380000000000000e+002 0.000000000000000e+000
2.390000000000000e+002 0.000000000000000e+000
2.400000000000000e+002 0.000000000000000e+000
2.410000000000000e+002 0.000000000000000e+000
2.420000000000000e+002 0.000000000000000e+000
2.430000000000000e+002 0.000000000000000e+000
2.440000000000000e+002 0.000000000000000e+000
2.450000000000000e+002 0.000000000000000e+000
2.460000000000000e+002 0.000000000000000e+000
2.470000000000000e+002 0.000000000000000e+000
2.480000000000000e+002 0.000000000000000e+000
2.490000000000000e+002 0.000000000000000e+000
2.500000000000000e+002 0.000000000000000e+000
2.510000000000000e+002 0.000000000000000e+000
2.520000000000000e+002 0.000000000000000e+000
2.530000000000000e+002 0.000000000000000e+000
2.540000000000000e+002 0.000000000000000e+000
2.550000000000000e+002 0.000000000000000e+000
2.560000000000000e+002 0.000000000000000e+000
2.570000000000000e+002 0.000000000000000e+000
2.580000000000000e+002 0.000000000000000e+000
2.590000000000000e+002 0.000000000000000e+000
2.600000000000000e+002 0.000000000000000e+000
2.610000000000000e+002 0.000000000000000e+000
2.620000000000000e+002 0.000000000000000e+000
2.630000000000000e+002 0.000000000000000e+000
2.640000000000000e+002 0.000000000000000e+000
2.650000000000000e+002 0.000000000000000e+000
2.660000000000000e+002 0.000000000000000e+000
2.670000000000000e+002 0.000000000000000e+000
2.680000000000000e+002 0.000000000000000e+000
2.690000000000000e+002 0.000000000000000e+000
2.700000000000000e+002 0.000000000000000e+000
2.710000000000000e+002 0.000000000000000e+000
2.720000000000000e+002 0.000000000000000e+000
2.730000000000000e+002 0.000000000000000e+000
2.740000000000000e+002 0.000000000000000e+000
2.750000000000000e+002 0.000000000000000e+000
2.760000000000000e+002 0.000000000000000e+000
2.770000000000000e+002 0.000000000000000e+000
2.780000000000000e+002 0.000000000000000e+000
2.790000000000000e+002 0.000000000000000e+000
2.800000000000000e+002 0.000000000000000e+000
2.810000000000000e+002 0.000000000000000e+000
2.820000000000000e+002 0.000000000000000e+000
2.830000000000000e+002 0.000000000000000e+000
2.840000000000000e+002 0.000000000000000e+000
2.850000000000000e+002 0.000000000000000e+000
2.860000000000000e+002 0.000000000000000e+000
2.870000000000000e+002 0.000000000000000e+000
2.880000000000000e+002 0.000000000000000e+000
2.890000000000000e+002 0.000000000000000e+000
2.900000000000000e+002 0.000000000000000e+000
2.910000000000000e+002 0.000000000000000e+000
2.920000000000000e+002 0.000000000000000e+000
2.930000000000000e+002 0.000000000000000e+000
2.940000000000000e+002 0.000000000000000e+000
2.950000000000000e+002 0.000000000000000e+000
2.960000000000000e+002 0.000000000000000e+000
2.970000000000000e+002 0.000000000000000e+000
2.980000000000000e+002 0.000000000000000e+000
2.990000000000000e+002 0.000000000000000e+000
3.000000000000000e+002 0.000000000000000e+000
3.010000000000000e+002 0.000000000000000e+000
3.020000000000000e+002 0.000000000000000e+000
3.030000000000000e+002 0.000000000000000e+000
3.040000000000000e+002 0.000000000000000e+000
3.050000000000000e+002 0.000000000000000e+000
3.060000000000000e+002 0.000000000000000e+000
3.070000000000000e+002 0.000000000000000e+000
3.080000000000000e+002 0.000000000000000e+000
3.090000000000000e+002 0.000000000000000e+000
3.100000000000000e+002 0.000000000000000e+000
3.110000000000000e+002 0.000000000000000e+000
3.120000000000000e+002 0.000000000000000e+000
3.130000000000000e+002 0.000000000000000e+000
3.140000000000000e+002 0.000000000000000e+000
3.150000000000000e+002 0.000000000000000e+000
3.160000000000000e+002 0.000000000000000e+000
3.170000000000000e+002 0.000000000000000e+000
3.180000000000000e+002 0.000000000000000e+000
3.190000000000000e+002 0.000000000000000e+000
3.200000000000000e+002 0.000000000000000e+000
3.210000000000000e+002 0.000000000000000e+000
3.220000000000000e+002 0.000000000000000e+000
3.230000000000000e+002 0.000000000000000e+000
3.240000000000000e+002 0.000000000000000e+000
3.250000000000000e+002 0.000000000000000e+000
3.260000000000000e+002 0.000000000000000e+000
3.270000000000000e+002 0.000000000000000e+000
3.280000000000000e+002 0.000000000000000e+000
3.290000000000000e+002 0.000000000000000e+000
3.300000000000000e+002 0.000000000000000e+000
3.310000000000000e+002 0.000000000000000e+000
3.320000000000000e+002 0.000000000000000e+000
3.330000000000000e+002 0.000000000000000e+000
3.340000000000000e+002 0.000000000000000e+000
3.350000000000000e+002 0.000000000000000e+000
3.360000000000000e+002 0.000000000000000e+000
3.370000000000000e+002 0.000000000000000e+000
3.380000000000000e+002 0.000000000000000e+000
3.390000000000000e+002 0.000000000000000e+000
3.400000000000000e+002 0.000000000000000e+000
3.410000000000000e+002 0.000000000000000e+000
3.420000000000000e+002 0.000000000000000e+000
3.430000000000000e+002 0.000000000000000e+000
3.440000000000000e+002 0.000000000000000e+000
3.450000000000000e+002 0.000000000000000e+000
3.460000000000000e+002 0.000000000000000e+000
3.470000000000000e+002 0.000000000000000e+000
3.480000000000000e+002 0.000000000000000e+000
3.490000000000000e+002 0.000000000000000e+000
3.500000000000000e+002 0.000000000000000e+000
3.510000000000000e+002 0.000000000000000e+000
3.520000000000000e+002 0.000000000000000e+000
3.530000000000000e+002 0.000000000000000e+000
3.540000000000000e+002 0.000000000000000e+000
