-3.530000000000000e+002 0.000000000000000e+000
-3.520000000000000e+002 0.000000000000000e+000
-3.510000000000000e+002 0.000000000000000e+000
-3.500000000000000e+002 0.000000000000000e+000
-3.490000000000000e+002 0.000000000000000e+000
-3.480000000000000e+002 0.000000000000000e+000
-3.470000000000000e+002 0.000000000000000e+000
-3.460000000000000e+002 0.000000000000000e+000
-3.450000000000000e+002 0.000000000000000e+000
-3.440000000000000e+002 0.000000000000000e+000
-3.430000000000000e+002 0.000000000000000e+000
-3.420000000000000e+002 0.000000000000000e+000
-3.410000000000000e+002 0.000000000000000e+000
-3.400000000000000e+002 0.000000000000000e+000
-3.390000000000000e+002 0.000000000000000e+000
-3.380000000000000e+002 0.000000000000000e+000
-3.370000000000000e+002 0.000000000000000e+000
-3.360000000000000e+002 0.000000000000000e+000
-3.350000000000000e+002 0.000000000000000e+000
-3.340000000000000e+002 0.000000000000000e+000
-3.330000000000000e+002 0.000000000000000e+000
-3.320000000000000e+002 0.000000000000000e+000
-3.310000000000000e+002 0.000000000000000e+000
-3.300000000000000e+002 0.000000000000000e+000
-3.290000000000000e+002 0.000000000000000e+000
-3.280000000000000e+002 0.000000000000000e+000
-3.270000000000000e+002 0.000000000000000e+000
-3.260000000000000e+002 0.000000000000000e+000
-3.250000000000000e+002 0.000000000000000e+000
-3.240000000000000e+002 0.000000000000000e+000
-3.230000000000000e+002 0.000000000000000e+000
-3.220000000000000e+002 0.000000000000000e+000
-3.210000000000000e+002 0.000000000000000e+000
-3.200000000000000e+002 0.000000000000000e+000
-3.190000000000000e+002 0.000000000000000e+000
-3.180000000000000e+002 0.000000000000000e+000
-3.170000000000000e+002 0.000000000000000e+000
-3.160000000000000e+002 0.000000000000000e+000
-3.150000000000000e+002 0.000000000000000e+000
-3.140000000000000e+002 0.000000000000000e+000
-3.130000000000000e+002 0.000000000000000e+000
-3.120000000000000e+002 0.000000000000000e+000
-3.110000000000000e+002 0.000000000000000e+000
-3.100000000000000e+002 0.000000000000000e+000
-3.090000000000000e+002 0.000000000000000e+000
-3.080000000000000e+002 0.000000000000000e+000
-3.070000000000000e+002 0.000000000000000e+000
-3.060000000000000e+002 0.000000000000000e+000
-3.050000000000000e+002 0.000000000000000e+000
-3.040000000000000e+002 0.000000000000000e+000
-3.030000000000000e+002 0.000000000000000e+000
-3.020000000000000e+002 0.000000000000000e+000
-3.010000000000000e+002 0.000000000000000e+000
-3.000000000000000e+002 0.000000000000000e+000
-2.990000000000000e+002 0.000000000000000e+000
-2.980000000000000e+002 0.000000000000000e+000
-2.970000000000000e+002 0.000000000000000e+000
-2.960000000000000e+002 0.000000000000000e+000
-2.950000000000000e+002 0.000000000000000e+000
-2.940000000000000e+002 0.000000000000000e+000
-2.930000000000000e+002 0.000000000000000e+000
-2.920000000000000e+002 0.000000000000000e+000
-2.910000000000000e+002 0.000000000000000e+000
-2.900000000000000e+002 0.000000000000000e+000
-2.890000000000000e+002 0.000000000000000e+000
-2.880000000000000e+002 0.000000000000000e+000
-2.870000000000000e+002 0.000000000000000e+000
-2.860000000000000e+002 0.000000000000000e+000
-2.850000000000000e+002 0.000000000000000e+000
-2.840000000000000e+002 0.000000000000000e+000
-2.830000000000000e+002 0.000000000000000e+000
-2.820000000000000e+002 0.000000000000000e+000
-2.810000000000000e+002 0.000000000000000e+000
-2.800000000000000e+002 0.000000000000000e+000
-2.790000000000000e+002 0.000000000000000e+000
-2.780000000000000e+002 0.000000000000000e+000
-2.770000000000000e+002 0.000000000000000e+000
-2.760000000000000e+002 0.000000000000000e+000
-2.750000000000000e+002 0.000000000000000e+000
-2.740000000000000e+002 0.000000000000000e+000
-2.730000000000000e+002 0.000000000000000e+000
-2.720000000000000e+002 0.000000000000000e+000
-2.710000000000000e+002 0.000000000000000e+000
-2.700000000000000e+002 0.000000000000000e+000
-2.690000000000000e+002 0.000000000000000e+000
-2.680000000000000e+002 0.000000000000000e+000
-2.670000000000000e+002 0.000000000000000e+000
-2.660000000000000e+002 0.000000000000000e+000
-2.650000000000000e+002 0.000000000000000e+000
-2.640000000000000e+002 0.000000000000000e+000
-2.630000000000000e+002 0.000000000000000e+000
-2.620000000000000e+002 0.000000000000000e+000
-2.610000000000000e+002 0.000000000000000e+000
-2.600000000000000e+002 0.000000000000000e+000
-2.590000000000000e+002 0.000000000000000e+000
-2.580000000000000e+002 0.000000000000000e+000
-2.570000000000000e+002 0.000000000000000e+000
-2.560000000000000e+002 0.000000000000000e+000
-2.550000000000000e+002 0.000000000000000e+000
-2.540000000000000e+002 0.000000000000000e+000
-2.530000000000000e+002 0.000000000000000e+000
-2.520000000000000e+002 0.000000000000000e+000
-2.510000000000000e+002 0.000000000000000e+000
-2.500000000000000e+002 0.000000000000000e+000
-2.490000000000000e+002 0.000000000000000e+000
-2.480000000000000e+002 0.000000000000000e+000
-2.470000000000000e+002 0.000000000000000e+000
-2.460000000000000e+002 0.000000000000000e+000
-2.450000000000000e+002 0.000000000000000e+000
-2.440000000000000e+002 0.000000000000000e+000
-2.430000000000000e+002 0.000000000000000e+000
-2.420000000000000e+002 0.000000000000000e+000
-2.410000000000000e+002 0.000000000000000e+000
-2.400000000000000e+002 0.000000000000000e+000
-2.390000000000000e+002 0.000000000000000e+000
-2.380000000000000e+002 0.000000000000000e+000
-2.370000000000000e+002 0.000000000000000e+000
-2.360000000000000e+002 0.000000000000000e+000
-2.350000000000000e+002 0.000000000000000e+000
-2.340000000000000e+002 0.000000000000000e+000
-2.330000000000000e+002 0.000000000000000e+000
-2.320000000000000e+002 0.000000000000000e+000
-2.310000000000000e+002 0.000000000000000e+000
-2.300000000000000e+002 0.000000000000000e+000
-2.290000000000000e+002 0.000000000000000e+000
-2.280000000000000e+002 0.000000000000000e+000
-2.270000000000000e+002 0.000000000000000e+000
-2.260000000000000e+002 0.000000000000000e+000
-2.250000000000000e+002 0.000000000000000e+000
-2.240000000000000e+002 0.000000000000000e+000
-2.230000000000000e+002 8.357167494486905e-004
-2.220000000000000e+002 2.801285157559377e-003
-2.210000000000000e+002 1.004923522015083e-002
-2.200000000000000e+002 2.774441747619161e-002
-2.190000000000000e+002 6.027426101796882e-002
-2.180000000000000e+002 1.144954361922529e-001
-2.170000000000000e+002 1.964141546923628e-001
-2.160000000000000e+002 3.178657333536501e-001
-2.150000000000000e+002 4.908704537626630e-001
-2.140000000000000e+002 7.323789295635228e-001
-2.130000000000000e+002 1.060719651797821e+000
-2.120000000000000e+002 1.491619982887518e+000
-2.110000000000000e+002 2.049427396111450e+000
-2.100000000000000e+002 2.759295715964020e+000
-2.090000000000000e+002 3.644056799181431e+000
-2.080000000000000e+002 4.720448268342557e+000
-2.070000000000000e+002 6.009570634994290e+000
-2.060000000000000e+002 7.519826831827122e+000
-2.050000000000000e+002 9.254250893522771e+000
-2.040000000000000e+002 1.120557764460215e+001
-2.030000000000000e+002 1.336091153070371e+001
-2.020000000000000e+002 1.569587354397001e+001
-2.010000000000000e+002 1.817758671047586e+001
-2.000000000000000e+002 2.076221501050943e+001
-1.990000000000000e+002 2.341007263073886e+001
-1.980000000000000e+002 2.606394151692896e+001
-1.970000000000000e+002 2.868862179006749e+001
-1.960000000000000e+002 3.123920690077458e+001
-1.950000000000000e+002 3.368523998337884e+001
-1.940000000000000e+002 3.602266700469989e+001
-1.930000000000000e+002 3.823361359948554e+001
-1.920000000000000e+002 4.034008660532987e+001
-1.910000000000000e+002 4.235139808983285e+001
-1.900000000000000e+002 4.430775051264224e+001
-1.890000000000000e+002 4.623621879119010e+001
-1.880000000000000e+002 4.818237739520526e+001
-1.870000000000000e+002 5.018765326680694e+001
-1.860000000000000e+002 5.227923331308813e+001
-1.850000000000000e+002 5.449855121882258e+001
-1.840000000000000e+002 5.685270233038496e+001
-1.830000000000000e+002 5.935791341789407e+001
-1.820000000000000e+002 6.202152898642841e+001
-1.810000000000000e+002 6.483005929520641e+001
-1.800000000000000e+002 6.775810021545054e+001
-1.790000000000000e+002 7.083386738327258e+001
-1.780000000000000e+002 7.404767260641691e+001
-1.770000000000000e+002 7.741637205449085e+001
-1.760000000000000e+002 8.097529781610794e+001
-1.750000000000000e+002 8.473427876542553e+001
-1.740000000000000e+002 8.875171216404536e+001
-1.730000000000000e+002 9.304124407894673e+001
-1.720000000000000e+002 9.763715588118436e+001
-1.710000000000000e+002 1.025623254651245e+002
-1.700000000000000e+002 1.078065471440869e+002
-1.690000000000000e+002 1.133445249316885e+002
-1.680000000000000e+002 1.191123965995981e+002
-1.670000000000000e+002 1.250326556487101e+002
-1.660000000000000e+002 1.310119859140029e+002
-1.650000000000000e+002 1.369180492103423e+002
-1.640000000000000e+002 1.426271619791894e+002
-1.630000000000000e+002 1.479978405009286e+002
-1.620000000000000e+002 1.529039859421497e+002
-1.610000000000000e+002 1.572401094780879e+002
-1.600000000000000e+002 1.609203170098615e+002
-1.590000000000000e+002 1.638862582812741e+002
-1.580000000000000e+002 1.661065161947255e+002
-1.570000000000000e+002 1.675844244863811e+002
-1.560000000000000e+002 1.683465648524763e+002
-1.550000000000000e+002 1.684433683007698e+002
-1.540000000000000e+002 1.679441131831304e+002
-1.530000000000000e+002 1.669350968379000e+002
-1.520000000000000e+002 1.654971742564308e+002
-1.510000000000000e+002 1.637071838818248e+002
-1.500000000000000e+002 1.616657921607794e+002
-1.490000000000000e+002 1.594288925747382e+002
-1.480000000000000e+002 1.570968549568362e+002
-1.470000000000000e+002 1.547276423947487e+002
-1.460000000000000e+002 1.523623435260221e+002
-1.450000000000000e+002 1.500931304302330e+002
-1.440000000000000e+002 1.479666456957758e+002
-1.430000000000000e+002 1.460207634073757e+002
-1.420000000000000e+002 1.443109465922398e+002
-1.410000000000000e+002 1.428929340926650e+002
-1.400000000000000e+002 1.418101234591158e+002
-1.390000000000000e+002 1.410927742506209e+002
-1.380000000000000e+002 1.407343115502134e+002
-1.370000000000000e+002 1.407398551920954e+002
-1.360000000000000e+002 1.410922147907110e+002
-1.350000000000000e+002 1.417362577128475e+002
-1.340000000000000e+002 1.426217729671134e+002
-1.330000000000000e+002 1.436463235198584e+002
-1.320000000000000e+002 1.447539544274441e+002
-1.310000000000000e+002 1.458208637040704e+002
-1.300000000000000e+002 1.467579753160472e+002
-1.290000000000000e+002 1.474955282978069e+002
-1.280000000000000e+002 1.479539848731135e+002
-1.270000000000000e+002 1.480652667677545e+002
-1.260000000000000e+002 1.478308844280857e+002
-1.250000000000000e+002 1.472178571285477e+002
-1.240000000000000e+002 1.462510139009628e+002
-1.230000000000000e+002 1.449761045387888e+002
-1.220000000000000e+002 1.434614652327452e+002
-1.210000000000000e+002 1.417230914690131e+002
-1.200000000000000e+002 1.398304578917227e+002
-1.190000000000000e+002 1.378403826771759e+002
-1.180000000000000e+002 1.357670638826205e+002
-1.170000000000000e+002 1.336390453772273e+002
-1.160000000000000e+002 1.314699984827904e+002
-1.150000000000000e+002 1.292369689822556e+002
-1.140000000000000e+002 1.269470523056815e+002
-1.130000000000000e+002 1.245596289054663e+002
-1.120000000000000e+002 1.220544986602097e+002
-1.110000000000000e+002 1.194471425995182e+002
-1.100000000000000e+002 1.167289996725160e+002
-1.090000000000000e+002 1.138826330748963e+002
-1.080000000000000e+002 1.109575705070234e+002
-1.070000000000000e+002 1.079621421183477e+002
-1.060000000000000e+002 1.049475247664518e+002
-1.050000000000000e+002 1.019844107608018e+002
-1.040000000000000e+002 9.908493765042923e+001
-1.030000000000000e+002 9.632586451714170e+001
-1.020000000000000e+002 9.376812649133238e+001
-1.010000000000000e+002 9.142134608870286e+001
-1.000000000000000e+002 8.930000714369261e+001
-9.900000000000000e+001 8.742688110674385e+001
-9.800000000000000e+001 8.579647133904309e+001
-9.700000000000000e+001 8.437176682222780e+001
-9.600000000000000e+001 8.312945913098338e+001
-9.500000000000000e+001 8.202509636486319e+001
-9.400000000000000e+001 8.100647165473357e+001
-9.300000000000000e+001 8.003485096647083e+001
-9.200000000000000e+001 7.905725673362933e+001
-9.100000000000000e+001 7.801556086889218e+001
-9.000000000000000e+001 7.688209721131759e+001
-8.900000000000000e+001 7.562206991215197e+001
-8.800000000000000e+001 7.421463635672647e+001
-8.700000000000000e+001 7.268027663957500e+001
-8.600000000000000e+001 7.104729978237565e+001
-8.500000000000000e+001 6.930710264780119e+001
-8.400000000000000e+001 6.751016819965733e+001
-8.300000000000000e+001 6.571131678477151e+001
-8.200000000000000e+001 6.393475933957730e+001
-8.100000000000000e+001 6.221354003400682e+001
-8.000000000000000e+001 6.061148236417645e+001
-7.900000000000000e+001 5.914231406291647e+001
-7.800000000000000e+001 5.780877654936712e+001
-7.700000000000000e+001 5.664634118066470e+001
-7.600000000000000e+001 5.562835117203072e+001
-7.500000000000000e+001 5.474203122231001e+001
-7.400000000000000e+001 5.398280588594517e+001
-7.300000000000000e+001 5.330752885730308e+001
-7.200000000000000e+001 5.270826460042719e+001
-7.100000000000000e+001 5.214066201214759e+001
-7.000000000000000e+001 5.157619897292445e+001
-6.900000000000000e+001 5.099407911909670e+001
-6.800000000000000e+001 5.038842732218932e+001
-6.700000000000000e+001 4.971168728330823e+001
-6.600000000000000e+001 4.894926163898720e+001
-6.500000000000000e+001 4.808009203627607e+001
-6.400000000000000e+001 4.707970680543337e+001
-6.300000000000000e+001 4.593858331354476e+001
-6.200000000000000e+001 4.462387466114293e+001
-6.100000000000000e+001 4.313896297503982e+001
-6.000000000000000e+001 4.147897367687279e+001
-5.900000000000000e+001 3.964219351605463e+001
-5.800000000000000e+001 3.763254845111243e+001
-5.700000000000000e+001 3.546942766691984e+001
-5.600000000000000e+001 3.317940284946091e+001
-5.500000000000000e+001 3.079273996906626e+001
-5.400000000000000e+001 2.833830181734355e+001
-5.300000000000000e+001 2.586863606472998e+001
-5.200000000000000e+001 2.341665388090847e+001
-5.100000000000000e+001 2.102791836459958e+001
-5.000000000000000e+001 1.874299029370361e+001
-4.900000000000000e+001 1.660320840327173e+001
-4.800000000000000e+001 1.463200889729482e+001
-4.700000000000000e+001 1.284973875006646e+001
-4.600000000000000e+001 1.126658761604403e+001
-4.500000000000000e+001 9.893660511611495e+000
-4.400000000000000e+001 8.728034182914563e+000
-4.300000000000000e+001 7.767097927438988e+000
-4.200000000000000e+001 6.987014201831259e+000
-4.100000000000000e+001 6.375087976240083e+000
-4.000000000000000e+001 5.923118981264737e+000
-3.900000000000000e+001 5.610791908800508e+000
-3.800000000000000e+001 5.409616477304892e+000
-3.700000000000000e+001 5.313241577267822e+000
-3.600000000000000e+001 5.294146564226080e+000
-3.500000000000000e+001 5.341157624045445e+000
-3.400000000000000e+001 5.433116947038105e+000
-3.300000000000000e+001 5.548556606520451e+000
-3.200000000000000e+001 5.681106001804989e+000
-3.100000000000000e+001 5.817443236740304e+000
-3.000000000000000e+001 5.949164478338028e+000
-2.900000000000000e+001 6.064401716821465e+000
-2.800000000000000e+001 6.152309088536276e+000
-2.700000000000000e+001 6.206291629121229e+000
-2.600000000000000e+001 6.224085211713096e+000
-2.500000000000000e+001 6.202175976740847e+000
-2.400000000000000e+001 6.137310482671415e+000
-2.300000000000000e+001 6.029437213931323e+000
-2.200000000000000e+001 5.880455804425763e+000
-2.100000000000000e+001 5.691542387581189e+000
-2.000000000000000e+001 8.145071481130904e+000
-1.900000000000000e+001 9.294279073138071e+000
-1.800000000000000e+001 1.102194442347338e+001
-1.700000000000000e+001 1.352945028031105e+001
-1.600000000000000e+001 1.704172905664899e+001
-1.500000000000000e+001 2.180454392694350e+001
-1.400000000000000e+001 2.806510601720567e+001
-1.300000000000000e+001 3.604775895688993e+001
-1.200000000000000e+001 4.592638652275426e+001
-1.100000000000000e+001 5.779055369051664e+001
-1.000000000000000e+001 7.160713340255809e+001
-9.000000000000000e+000 8.719379669484060e+001
-8.000000000000000e+000 1.041939198557945e+002
-7.000000000000000e+000 1.220772019230564e+002
-6.000000000000000e+000 1.401545828894868e+002
-5.000000000000000e+000 1.576089538350924e+002
-4.000000000000000e+000 1.735585866038509e+002
-3.000000000000000e+000 1.871232724141981e+002
-2.000000000000000e+000 1.975043441958993e+002
-1.000000000000000e+000 2.040634064240133e+002
0.000000000000000e+000 2.063839824639144e+002
1.000000000000000e+000 2.043149613295420e+002
2.000000000000000e+000 1.979911921569014e+002
3.000000000000000e+000 1.878119734352138e+002
4.000000000000000e+000 1.744040474240988e+002
5.000000000000000e+000 1.585566502605287e+002
6.000000000000000e+000 1.411421876367749e+002
7.000000000000000e+000 1.230393733996060e+002
8.000000000000000e+000 1.050605578446464e+002
9.000000000000000e+000 8.789826261992465e+001
1.000000000000000e+001 7.208569954538162e+001
1.100000000000000e+001 5.798455078666925e+001
1.200000000000000e+001 4.578630915934880e+001
1.300000000000000e+001 3.553422209563482e+001
1.400000000000000e+001 2.715062003129893e+001
1.500000000000000e+001 2.047275529392992e+001
1.600000000000000e+001 1.528574730396977e+001
1.700000000000000e+001 1.135153055288517e+001
1.800000000000000e+001 8.435185071147368e+000
1.900000000000000e+001 6.318203877089493e+000
2.000000000000000e+001 4.809666534735520e+000
2.100000000000000e+001 2.032547993026275e+000
2.200000000000000e+001 1.939504728802001e+000
2.300000000000000e+001 1.850605930811955e+000
2.400000000000000e+001 1.764698530575816e+000
2.500000000000000e+001 1.684811200875660e+000
2.600000000000000e+001 1.610890913176895e+000
2.700000000000000e+001 1.543185931908199e+000
2.800000000000000e+001 1.481702483644266e+000
2.900000000000000e+001 1.424580370330826e+000
3.000000000000000e+001 1.370658980138971e+000
3.100000000000000e+001 1.320166196796215e+000
3.200000000000000e+001 1.272570187696466e+000
3.300000000000000e+001 1.227967149868285e+000
3.400000000000000e+001 1.185075432654651e+000
3.500000000000000e+001 1.143286582400191e+000
3.600000000000000e+001 1.102466579616140e+000
3.700000000000000e+001 1.062587766568567e+000
3.800000000000000e+001 1.023239537267500e+000
3.900000000000000e+001 9.839510854982347e-001
4.000000000000000e+001 9.448649911029700e-001
4.100000000000000e+001 9.066734800971085e-001
4.200000000000000e+001 8.690768194327471e-001
4.300000000000000e+001 8.323637719584126e-001
4.400000000000000e+001 7.968647156965757e-001
4.500000000000000e+001 7.630728094137009e-001
4.600000000000000e+001 7.307478616990605e-001
4.700000000000000e+001 7.001194581651355e-001
4.800000000000000e+001 6.714707797065266e-001
4.900000000000000e+001 6.447790999858767e-001
5.000000000000000e+001 6.199340574102407e-001
5.100000000000000e+001 5.971389390637620e-001
5.200000000000000e+001 5.761673341333430e-001
5.300000000000000e+001 5.571001318158108e-001
5.400000000000000e+001 5.396165839096565e-001
5.500000000000000e+001 5.237897924651455e-001
5.600000000000000e+001 5.091922877674852e-001
5.700000000000000e+001 4.959569234117120e-001
5.800000000000000e+001 4.839437633990496e-001
5.900000000000000e+001 4.728224227901334e-001
6.000000000000000e+001 4.628348817332654e-001
6.100000000000000e+001 4.537693881527319e-001
6.200000000000000e+001 4.453099054605541e-001
6.300000000000000e+001 4.375320922992852e-001
6.400000000000000e+001 4.301753927132848e-001
6.500000000000000e+001 4.229745972266446e-001
6.600000000000000e+001 4.163352081400217e-001
6.700000000000000e+001 4.097741612928012e-001
6.800000000000000e+001 4.030827937407455e-001
6.900000000000000e+001 3.965306153957989e-001
7.000000000000000e+001 3.900560666858075e-001
7.100000000000000e+001 3.833588307654030e-001
7.200000000000000e+001 3.765670044921132e-001
7.300000000000000e+001 3.696941596007383e-001
7.400000000000000e+001 3.628334176632841e-001
7.500000000000000e+001 3.560533979413320e-001
7.600000000000000e+001 3.494316734341457e-001
7.700000000000000e+001 3.429203370921257e-001
7.800000000000000e+001 3.365072309738775e-001
7.900000000000000e+001 3.301501675312818e-001
8.000000000000000e+001 3.238988131673531e-001
8.100000000000000e+001 3.179208414739315e-001
8.200000000000000e+001 3.120402372217143e-001
8.300000000000000e+001 3.062494961811266e-001
8.400000000000000e+001 3.004333957029881e-001
8.500000000000000e+001 2.946260115410278e-001
8.600000000000000e+001 2.887309964533075e-001
8.700000000000000e+001 2.828915102924207e-001
8.800000000000000e+001 2.769247995087697e-001
8.900000000000000e+001 2.708775224158320e-001
9.000000000000000e+001 2.646697837033664e-001
9.100000000000000e+001 2.584477149481359e-001
9.200000000000000e+001 2.519874677025947e-001
9.300000000000000e+001 2.455931690302784e-001
9.400000000000000e+001 2.390949959892036e-001
9.500000000000000e+001 2.325740422470336e-001
9.600000000000000e+001 2.261715645420320e-001
9.700000000000000e+001 2.199276669938224e-001
9.800000000000000e+001 2.137877111684678e-001
9.900000000000000e+001 2.079600352998953e-001
1.000000000000000e+002 2.024289755080037e-001
1.010000000000000e+002 1.972376351430731e-001
1.020000000000000e+002 1.925446962061451e-001
1.030000000000000e+002 1.881901529839945e-001
1.040000000000000e+002 1.842368365797291e-001
1.050000000000000e+002 1.806846989156631e-001
1.060000000000000e+002 1.774269656036331e-001
1.070000000000000e+002 1.743041861755303e-001
1.080000000000000e+002 1.714270161605891e-001
1.090000000000000e+002 1.685561571504562e-001
1.100000000000000e+002 1.657173620649373e-001
1.110000000000000e+002 1.628529124735078e-001
1.120000000000000e+002 1.599168563662968e-001
1.130000000000000e+002 1.568118960808181e-001
1.140000000000000e+002 1.534705935717720e-001
1.150000000000000e+002 1.500011191418525e-001
1.160000000000000e+002 1.463831151743865e-001
1.170000000000000e+002 1.426569712789886e-001
1.180000000000000e+002 1.388865397970479e-001
1.190000000000000e+002 1.350637011501073e-001
1.200000000000000e+002 1.312228418584870e-001
1.210000000000000e+002 1.274524268594717e-001
1.220000000000000e+002 1.236599915675360e-001
1.230000000000000e+002 1.199422977855833e-001
1.240000000000000e+002 1.162568365842685e-001
1.250000000000000e+002 1.126652119726296e-001
1.260000000000000e+002 1.091242921657997e-001
1.270000000000000e+002 1.056709481199710e-001
1.280000000000000e+002 1.023289216441770e-001
1.290000000000000e+002 9.907294233226106e-002
1.300000000000000e+002 9.593200669649465e-002
1.310000000000000e+002 9.299477649944450e-002
1.320000000000000e+002 9.018171264712477e-002
1.330000000000000e+002 8.751094786785100e-002
1.340000000000000e+002 8.491121023381587e-002
1.350000000000000e+002 8.249010980398315e-002
1.360000000000000e+002 8.019639885743139e-002
1.370000000000000e+002 7.794620218147584e-002
1.380000000000000e+002 7.574127357521175e-002
1.390000000000000e+002 7.352900056805538e-002
1.400000000000000e+002 7.129300606965132e-002
1.410000000000000e+002 6.904552827401234e-002
1.420000000000000e+002 6.677775528978953e-002
1.430000000000000e+002 6.444629137163710e-002
1.440000000000000e+002 6.215085880477856e-002
1.450000000000000e+002 5.986731189609741e-002
1.460000000000000e+002 5.761882410898385e-002
1.470000000000000e+002 5.545840273463250e-002
1.480000000000000e+002 5.343652936770813e-002
1.490000000000000e+002 5.147321088763894e-002
1.500000000000000e+002 4.962701141749339e-002
1.510000000000000e+002 4.786660984587211e-002
1.520000000000000e+002 4.619440320198404e-002
1.530000000000000e+002 4.457844797980302e-002
1.540000000000000e+002 4.305168773625229e-002
1.550000000000000e+002 4.158343634327646e-002
1.560000000000000e+002 4.012739918754456e-002
1.570000000000000e+002 3.869427726287414e-002
1.580000000000000e+002 3.728906604570133e-002
1.590000000000000e+002 3.597324589767274e-002
1.600000000000000e+002 3.468489519244101e-002
1.610000000000000e+002 3.346481997779566e-002
1.620000000000000e+002 3.234435723943301e-002
1.630000000000000e+002 3.133562354348556e-002
1.640000000000000e+002 3.044337608832259e-002
1.650000000000000e+002 2.968145875249620e-002
1.660000000000000e+002 2.902785197057075e-002
1.670000000000000e+002 2.846981993215013e-002
1.680000000000000e+002 2.803296121598462e-002
1.690000000000000e+002 2.767430754245607e-002
1.700000000000000e+002 2.736736578786333e-002
1.710000000000000e+002 2.710231596924546e-002
1.720000000000000e+002 2.683944657773099e-002
1.730000000000000e+002 2.654752591247984e-002
1.740000000000000e+002 2.622266024297974e-002
1.750000000000000e+002 2.580823479611258e-002
1.760000000000000e+002 2.529949756985841e-002
1.770000000000000e+002 2.466549632360820e-002
1.780000000000000e+002 2.394518182139473e-002
1.790000000000000e+002 2.308769642670375e-002
1.800000000000000e+002 2.216374763527956e-002
1.810000000000000e+002 2.113718396705982e-002
1.820000000000000e+002 2.006112408138622e-002
1.830000000000000e+002 1.894773918597828e-002
1.840000000000000e+002 1.781828997480494e-002
1.850000000000000e+002 1.671947776045509e-002
1.860000000000000e+002 1.565806092936577e-002
1.870000000000000e+002 1.464088058794871e-002
1.880000000000000e+002 1.371327786977056e-002
1.890000000000000e+002 1.286602526825836e-002
1.900000000000000e+002 1.209084895180146e-002
1.910000000000000e+002 1.140332875384327e-002
1.920000000000000e+002 1.077369959890689e-002
1.930000000000000e+002 1.020507744649901e-002
1.940000000000000e+002 9.692844304992050e-003
1.950000000000000e+002 9.229174374977811e-003
1.960000000000000e+002 8.790774645659118e-003
1.970000000000000e+002 8.398278595528972e-003
1.980000000000000e+002 8.018167099398645e-003
1.990000000000000e+002 7.667682976338857e-003
2.000000000000000e+002 7.299725547681991e-003
2.010000000000000e+002 6.996794377457538e-003
2.020000000000000e+002 6.697347640793691e-003
2.030000000000000e+002 6.412832940715443e-003
2.040000000000000e+002 6.138510039330967e-003
2.050000000000000e+002 5.878561622483783e-003
2.060000000000000e+002 5.628852677969362e-003
2.070000000000000e+002 5.408165234554705e-003
2.080000000000000e+002 5.190734072606312e-003
2.090000000000000e+002 4.997332677595129e-003
2.100000000000000e+002 4.814692427451672e-003
2.110000000000000e+002 4.645221277407939e-003
2.120000000000000e+002 4.475013429377942e-003
2.130000000000000e+002 4.319518760153361e-003
2.140000000000000e+002 4.157073043300865e-003
2.150000000000000e+002 4.005312659238220e-003
2.160000000000000e+002 3.853058244488283e-003
2.170000000000000e+002 3.698359479276533e-003
2.180000000000000e+002 3.549228730003473e-003
2.190000000000000e+002 3.383101601146684e-003
2.200000000000000e+002 3.230859173791894e-003
2.210000000000000e+002 3.074882104670009e-003
2.220000000000000e+002 2.924705345330121e-003
2.230000000000000e+002 2.780722435327297e-003
2.240000000000000e+002 2.646300155439924e-003
2.250000000000000e+002 2.520788690769663e-003
2.260000000000000e+002 2.410816677255235e-003
2.270000000000000e+002 2.307478475951401e-003
2.280000000000000e+002 2.220834725958728e-003
2.290000000000000e+002 2.144611773380852e-003
2.300000000000000e+002 2.076939210096480e-003
2.310000000000000e+002 2.016387483634975e-003
2.320000000000000e+002 1.961838039793610e-003
2.330000000000000e+002 1.914315011934046e-003
2.340000000000000e+002 1.866628526240715e-003
2.350000000000000e+002 1.818679215780282e-003
2.360000000000000e+002 1.769020025764658e-003
2.370000000000000e+002 1.711669840981381e-003
2.380000000000000e+002 1.651450124528643e-003
2.390000000000000e+002 1.590739311551417e-003
2.400000000000000e+002 1.525099115577393e-003
2.410000000000000e+002 1.457638794386359e-003
2.420000000000000e+002 1.382744329865977e-003
2.430000000000000e+002 1.316527828069766e-003
2.440000000000000e+002 1.249863506454011e-003
2.450000000000000e+002 1.185425109785980e-003
2.460000000000000e+002 1.123990151215262e-003
2.470000000000000e+002 1.064548872538205e-003
2.480000000000000e+002 1.007579127770634e-003
2.490000000000000e+002 9.555427418530689e-004
2.500000000000000e+002 9.064565402327786e-004
2.510000000000000e+002 8.573187056515201e-004
2.520000000000000e+002 8.130991806279608e-004
2.530000000000000e+002 7.677335253494719e-004
2.540000000000000e+002 7.236450430967581e-004
2.550000000000000e+002 6.825976363390699e-004
2.560000000000000e+002 6.414248276197169e-004
2.570000000000000e+002 6.002961025427636e-004
2.580000000000000e+002 5.587682485029491e-004
2.590000000000000e+002 5.164735260760084e-004
2.600000000000000e+002 4.788875014964775e-004
2.610000000000000e+002 4.435481189771125e-004
2.620000000000000e+002 4.091928655025727e-004
2.630000000000000e+002 3.769802306313996e-004
2.640000000000000e+002 3.474262561540729e-004
2.650000000000000e+002 3.209890826135634e-004
2.660000000000000e+002 2.958574068691164e-004
2.670000000000000e+002 2.759259698543134e-004
2.680000000000000e+002 2.601281443868862e-004
2.690000000000000e+002 2.473450325091490e-004
2.700000000000000e+002 2.361629825031577e-004
2.710000000000000e+002 2.303343094502122e-004
2.720000000000000e+002 2.269870553502735e-004
2.730000000000000e+002 2.256820994126558e-004
2.740000000000000e+002 2.241533398675518e-004
2.750000000000000e+002 2.257349657708448e-004
2.760000000000000e+002 2.265096436430910e-004
2.770000000000000e+002 2.274307659886312e-004
2.780000000000000e+002 2.269252917801864e-004
2.790000000000000e+002 2.242225614955441e-004
2.800000000000000e+002 2.203211941713387e-004
2.810000000000000e+002 2.137078360176597e-004
2.820000000000000e+002 2.052836024320432e-004
2.830000000000000e+002 1.954177266602770e-004
2.840000000000000e+002 1.840608024974724e-004
2.850000000000000e+002 1.717477521083121e-004
2.860000000000000e+002 1.587415219294890e-004
2.870000000000000e+002 1.460127173536553e-004
2.880000000000000e+002 1.343781831588389e-004
2.890000000000000e+002 1.237944832599386e-004
2.900000000000000e+002 1.146042136592462e-004
2.910000000000000e+002 1.070174009528775e-004
2.920000000000000e+002 1.007904565524525e-004
2.930000000000000e+002 9.660981253660336e-005
2.940000000000000e+002 9.381663573664842e-005
2.950000000000000e+002 9.213760411743528e-005
2.960000000000000e+002 9.172515849511031e-005
2.970000000000000e+002 9.144069426648774e-005
2.980000000000000e+002 9.123485562422624e-005
2.990000000000000e+002 9.077144773637134e-005
3.000000000000000e+002 8.836986982492215e-005
3.010000000000000e+002 8.720999725877000e-005
3.020000000000000e+002 8.510105360076347e-005
3.030000000000000e+002 8.214157915448324e-005
3.040000000000000e+002 7.850633225323442e-005
3.050000000000000e+002 7.442558003907613e-005
3.060000000000000e+002 7.003621058397202e-005
3.070000000000000e+002 6.587460611527582e-005
3.080000000000000e+002 6.197537654316708e-005
3.090000000000000e+002 5.819658248115546e-005
3.100000000000000e+002 5.533359895492328e-005
3.110000000000000e+002 5.293443628817761e-005
3.120000000000000e+002 5.093845166702130e-005
3.130000000000000e+002 4.922509269113451e-005
3.140000000000000e+002 4.814807704661340e-005
3.150000000000000e+002 4.679016601846669e-005
3.160000000000000e+002 4.535929447866993e-005
3.170000000000000e+002 4.377851174659628e-005
3.180000000000000e+002 4.202527696554348e-005
3.190000000000000e+002 4.013443430681853e-005
3.200000000000000e+002 3.819209474213042e-005
3.210000000000000e+002 3.600237231273855e-005
3.220000000000000e+002 3.412972917960158e-005
3.230000000000000e+002 3.302699902429775e-005
3.240000000000000e+002 3.231743089598204e-005
3.250000000000000e+002 3.209498209834932e-005
3.260000000000000e+002 3.239152335946922e-005
3.270000000000000e+002 3.317318108878712e-005
3.280000000000000e+002 3.434401855015267e-005
3.290000000000000e+002 3.575662948443540e-005
3.300000000000000e+002 3.722839774468315e-005
3.310000000000000e+002 3.856149736340741e-005
3.320000000000000e+002 3.956425524436987e-005
3.330000000000000e+002 4.007134064394692e-005
3.340000000000000e+002 3.996041697550635e-005
3.350000000000000e+002 3.916338265580856e-005
3.360000000000000e+002 3.767107754175604e-005
3.370000000000000e+002 3.520799273602173e-005
3.380000000000000e+002 3.263744178433576e-005
3.390000000000000e+002 2.960627487999929e-005
3.400000000000000e+002 2.628114222661452e-005
3.410000000000000e+002 2.282955880996891e-005
3.420000000000000e+002 1.940633899270936e-005
3.430000000000000e+002 1.614293584602602e-005
3.440000000000000e+002 1.314057111330712e-005
3.450000000000000e+002 1.046739886666005e-005
3.460000000000000e+002 8.159360446083768e-006
3.470000000000000e+002 6.223952603901752e-006
3.480000000000000e+002 4.645893471441722e-006
3.490000000000000e+002 3.393634221148451e-006
3.500000000000000e+002 2.425792374088630e-006
3.510000000000000e+002 1.696817110574221e-006
3.520000000000000e+002 1.161473367860399e-006
3.530000000000000e+002 7.779940754876956e-007
3.540000000000000e+002 5.099600278802194e-007
