-3.530000000000000e+002 0.000000000000000e+000
-3.520000000000000e+002 0.000000000000000e+000
-3.510000000000000e+002 0.000000000000000e+000
-3.500000000000000e+002 0.000000000000000e+000
-3.490000000000000e+002 0.000000000000000e+000
-3.480000000000000e+002 0.000000000000000e+000
-3.470000000000000e+002 0.000000000000000e+000
-3.460000000000000e+002 0.000000000000000e+000
-3.450000000000000e+002 0.000000000000000e+000
-3.440000000000000e+002 0.000000000000000e+000
-3.430000000000000e+002 0.000000000000000e+000
-3.420000000000000e+002 0.000000000000000e+000
-3.410000000000000e+002 0.000000000000000e+000
-3.400000000000000e+002 0.000000000000000e+000
-3.390000000000000e+002 0.000000000000000e+000
-3.380000000000000e+002 0.000000000000000e+000
-3.370000000000000e+002 0.000000000000000e+000
-3.360000000000000e+002 0.000000000000000e+000
-3.350000000000000e+002 0.000000000000000e+000
-3.340000000000000e+002 0.000000000000000e+000
-3.330000000000000e+002 0.000000000000000e+000
-3.320000000000000e+002 0.000000000000000e+000
-3.310000000000000e+002 0.000000000000000e+000
-3.300000000000000e+002 0.000000000000000e+000
-3.290000000000000e+002 0.000000000000000e+000
-3.280000000000000e+002 0.000000000000000e+000
-3.270000000000000e+002 0.000000000000000e+000
-3.260000000000000e+002 0.000000000000000e+000
-3.250000000000000e+002 0.000000000000000e+000
-3.240000000000000e+002 0.000000000000000e+000
-3.230000000000000e+002 0.000000000000000e+000
-3.220000000000000e+002 0.000000000000000e+000
-3.210000000000000e+002 0.000000000000000e+000
-3.200000000000000e+002 0.000000000000000e+000
-3.190000000000000e+002 0.000000000000000e+000
-3.180000000000000e+002 0.000000000000000e+000
-3.170000000000000e+002 0.000000000000000e+000
-3.160000000000000e+002 0.000000000000000e+000
-3.150000000000000e+002 0.000000000000000e+000
-3.140000000000000e+002 0.000000000000000e+000
-3.130000000000000e+002 0.000000000000000e+000
-3.120000000000000e+002 0.000000000000000e+000
-3.110000000000000e+002 0.000000000000000e+000
-3.100000000000000e+002 0.000000000000000e+000
-3.090000000000000e+002 0.000000000000000e+000
-3.080000000000000e+002 0.000000000000000e+000
-3.070000000000000e+002 0.000000000000000e+000
-3.060000000000000e+002 0.000000000000000e+000
-3.050000000000000e+002 0.000000000000000e+000
-3.040000000000000e+002 0.000000000000000e+000
-3.030000000000000e+002 0.000000000000000e+000
-3.020000000000000e+002 0.000000000000000e+000
-3.010000000000000e+002 0.000000000000000e+000
-3.000000000000000e+002 0.000000000000000e+000
-2.990000000000000e+002 0.000000000000000e+000
-2.980000000000000e+002 0.000000000000000e+000
-2.970000000000000e+002 0.000000000000000e+000
-2.960000000000000e+002 0.000000000000000e+000
-2.950000000000000e+002 0.000000000000000e+000
-2.940000000000000e+002 0.000000000000000e+000
-2.930000000000000e+002 0.000000000000000e+000
-2.920000000000000e+002 0.000000000000000e+000
-2.910000000000000e+002 0.000000000000000e+000
-2.900000000000000e+002 0.000000000000000e+000
-2.890000000000000e+002 0.000000000000000e+000
-2.880000000000000e+002 0.000000000000000e+000
-2.870000000000000e+002 0.000000000000000e+000
-2.860000000000000e+002 0.000000000000000e+000
-2.850000000000000e+002 0.000000000000000e+000
-2.840000000000000e+002 0.000000000000000e+000
-2.830000000000000e+002 0.000000000000000e+000
-2.820000000000000e+002 0.000000000000000e+000
-2.810000000000000e+002 0.000000000000000e+000
-2.800000000000000e+002 0.000000000000000e+000
-2.790000000000000e+002 0.000000000000000e+000
-2.780000000000000e+002 0.000000000000000e+000
-2.770000000000000e+002 0.000000000000000e+000
-2.760000000000000e+002 0.000000000000000e+000
-2.750000000000000e+002 0.000000000000000e+000
-2.740000000000000e+002 0.000000000000000e+000
-2.730000000000000e+002 0.000000000000000e+000
-2.720000000000000e+002 0.000000000000000e+000
-2.710000000000000e+002 0.000000000000000e+000
-2.700000000000000e+002 0.000000000000000e+000
-2.690000000000000e+002 0.000000000000000e+000
-2.680000000000000e+002 0.000000000000000e+000
-2.670000000000000e+002 0.000000000000000e+000
-2.660000000000000e+002 0.000000000000000e+000
-2.650000000000000e+002 0.000000000000000e+000
-2.640000000000000e+002 0.000000000000000e+000
-2.630000000000000e+002 0.000000000000000e+000
-2.620000000000000e+002 0.000000000000000e+000
-2.610000000000000e+002 0.000000000000000e+000
-2.600000000000000e+002 0.000000000000000e+000
-2.590000000000000e+002 0.000000000000000e+000
-2.580000000000000e+002 0.000000000000000e+000
-2.570000000000000e+002 0.000000000000000e+000
-2.560000000000000e+002 0.000000000000000e+000
-2.550000000000000e+002 0.000000000000000e+000
-2.540000000000000e+002 0.000000000000000e+000
-2.530000000000000e+002 0.000000000000000e+000
-2.520000000000000e+002 0.000000000000000e+000
-2.510000000000000e+002 0.000000000000000e+000
-2.500000000000000e+002 0.000000000000000e+000
-2.490000000000000e+002 0.000000000000000e+000
-2.480000000000000e+002 0.000000000000000e+000
-2.470000000000000e+002 0.000000000000000e+000
-2.460000000000000e+002 0.000000000000000e+000
-2.450000000000000e+002 0.000000000000000e+000
-2.440000000000000e+002 0.000000000000000e+000
-2.430000000000000e+002 0.000000000000000e+000
-2.420000000000000e+002 0.000000000000000e+000
-2.410000000000000e+002 0.000000000000000e+000
-2.400000000000000e+002 0.000000000000000e+000
-2.390000000000000e+002 0.000000000000000e+000
-2.380000000000000e+002 0.000000000000000e+000
-2.370000000000000e+002 0.000000000000000e+000
-2.360000000000000e+002 0.000000000000000e+000
-2.350000000000000e+002 0.000000000000000e+000
-2.340000000000000e+002 0.000000000000000e+000
-2.330000000000000e+002 0.000000000000000e+000
-2.320000000000000e+002 0.000000000000000e+000
-2.310000000000000e+002 0.000000000000000e+000
-2.300000000000000e+002 0.000000000000000e+000
-2.290000000000000e+002 0.000000000000000e+000
-2.280000000000000e+002 0.000000000000000e+000
-2.270000000000000e+002 0.000000000000000e+000
-2.260000000000000e+002 0.000000000000000e+000
-2.250000000000000e+002 0.000000000000000e+000
-2.240000000000000e+002 0.000000000000000e+000
-2.230000000000000e+002 0.000000000000000e+000
-2.220000000000000e+002 0.000000000000000e+000
-2.210000000000000e+002 4.114303494548818e-004
-2.200000000000000e+002 1.479447227650917e-003
-2.190000000000000e+002 3.701320260478008e-003
-2.180000000000000e+002 6.927195092715176e-003
-2.170000000000000e+002 1.039757755263063e-002
-2.160000000000000e+002 1.692603299697472e-002
-2.150000000000000e+002 2.585485963575705e-002
-2.140000000000000e+002 3.696589083044512e-002
-2.130000000000000e+002 5.312092151755901e-002
-2.120000000000000e+002 7.516557329396691e-002
-2.110000000000000e+002 1.035568848225513e-001
-2.100000000000000e+002 1.401090106803880e-001
-2.090000000000000e+002 1.864895601814566e-001
-2.080000000000000e+002 2.430508332159327e-001
-2.070000000000000e+002 3.099599305826026e-001
-2.060000000000000e+002 3.901974561315026e-001
-2.050000000000000e+002 4.857485596421910e-001
-2.040000000000000e+002 5.989035007551320e-001
-2.030000000000000e+002 7.302939173401954e-001
-2.020000000000000e+002 8.873821178471789e-001
-2.010000000000000e+002 1.076467136276252e+000
-2.000000000000000e+002 1.304220683289325e+000
-1.990000000000000e+002 1.576599328514700e+000
-1.980000000000000e+002 1.899980651040269e+000
-1.970000000000000e+002 2.286533263889896e+000
-1.960000000000000e+002 2.752483693025037e+000
-1.950000000000000e+002 3.316418984021994e+000
-1.940000000000000e+002 3.999783141079455e+000
-1.930000000000000e+002 4.815065702198980e+000
-1.920000000000000e+002 5.791945045926860e+000
-1.910000000000000e+002 6.952297265838453e+000
-1.900000000000000e+002 8.315470032080514e+000
-1.890000000000000e+002 9.902095927202435e+000
-1.880000000000000e+002 1.172147402642767e+001
-1.870000000000000e+002 1.378292464325838e+001
-1.860000000000000e+002 1.608788050813285e+001
-1.850000000000000e+002 1.862919140341074e+001
-1.840000000000000e+002 2.138912083065130e+001
-1.830000000000000e+002 2.434351163665719e+001
-1.820000000000000e+002 2.747125774635057e+001
-1.810000000000000e+002 3.074545879861261e+001
-1.800000000000000e+002 3.411716585737031e+001
-1.790000000000000e+002 3.758361519645049e+001
-1.780000000000000e+002 4.111676033995008e+001
-1.770000000000000e+002 4.470329009547918e+001
-1.760000000000000e+002 4.834712118884130e+001
-1.750000000000000e+002 5.204285954327459e+001
-1.740000000000000e+002 5.581432439426947e+001
-1.730000000000000e+002 5.966491500378723e+001
-1.720000000000000e+002 6.360873125278371e+001
-1.710000000000000e+002 6.765732841604256e+001
-1.700000000000000e+002 7.181013262139957e+001
-1.690000000000000e+002 7.608599127386175e+001
-1.680000000000000e+002 8.043770089385953e+001
-1.670000000000000e+002 8.484031994835568e+001
-1.660000000000000e+002 8.926341775314511e+001
-1.650000000000000e+002 9.363801579301490e+001
-1.640000000000000e+002 9.790870132279738e+001
-1.630000000000000e+002 1.020098048449218e+002
-1.620000000000000e+002 1.058938645761031e+002
-1.610000000000000e+002 1.095108600263861e+002
-1.600000000000000e+002 1.128136185334341e+002
-1.590000000000000e+002 1.157769189713943e+002
-1.580000000000000e+002 1.183905343470451e+002
-1.570000000000000e+002 1.206429492290479e+002
-1.560000000000000e+002 1.225511572187469e+002
-1.550000000000000e+002 1.241252675255679e+002
-1.540000000000000e+002 1.254049281180012e+002
-1.530000000000000e+002 1.264151635741217e+002
-1.520000000000000e+002 1.271945222340830e+002
-1.510000000000000e+002 1.277642055157859e+002
-1.500000000000000e+002 1.281333988546500e+002
-1.490000000000000e+002 1.283283116889804e+002
-1.480000000000000e+002 1.283508783782566e+002
-1.470000000000000e+002 1.282114702242899e+002
-1.460000000000000e+002 1.278850157147565e+002
-1.450000000000000e+002 1.273591050712562e+002
-1.440000000000000e+002 1.266229808526111e+002
-1.430000000000000e+002 1.256630480645046e+002
-1.420000000000000e+002 1.244640487171299e+002
-1.410000000000000e+002 1.230186675288341e+002
-1.400000000000000e+002 1.213161240078841e+002
-1.390000000000000e+002 1.193970975827466e+002
-1.380000000000000e+002 1.172482777900996e+002
-1.370000000000000e+002 1.149182507021382e+002
-1.360000000000000e+002 1.124365334280858e+002
-1.350000000000000e+002 1.098535012994756e+002
-1.340000000000000e+002 1.072155495704963e+002
-1.330000000000000e+002 1.045601231213680e+002
-1.320000000000000e+002 1.019489561433872e+002
-1.310000000000000e+002 9.942499302517571e+001
-1.300000000000000e+002 9.702572732615407e+001
-1.290000000000000e+002 9.478028450577405e+001
-1.280000000000000e+002 9.269018522036789e+001
-1.270000000000000e+002 9.079754031626919e+001
-1.260000000000000e+002 8.910829727121775e+001
-1.250000000000000e+002 8.760176321529522e+001
-1.240000000000000e+002 8.627988753402451e+001
-1.230000000000000e+002 8.512951588251069e+001
-1.220000000000000e+002 8.413126769096864e+001
-1.210000000000000e+002 8.325595502087737e+001
-1.200000000000000e+002 8.249012855045515e+001
-1.190000000000000e+002 8.181987769852792e+001
-1.180000000000000e+002 8.121660004783921e+001
-1.170000000000000e+002 8.067252982133391e+001
-1.160000000000000e+002 8.016982861635746e+001
-1.150000000000000e+002 7.967580291651188e+001
-1.140000000000000e+002 7.919276106175056e+001
-1.130000000000000e+002 7.868101339465917e+001
-1.120000000000000e+002 7.813888988330065e+001
-1.110000000000000e+002 7.754948634475637e+001
-1.100000000000000e+002 7.690307987750994e+001
-1.090000000000000e+002 7.620821243111145e+001
-1.080000000000000e+002 7.543132800297207e+001
-1.070000000000000e+002 7.458284475486639e+001
-1.060000000000000e+002 7.365767352446863e+001
-1.050000000000000e+002 7.265651383775003e+001
-1.040000000000000e+002 7.158012367256109e+001
-1.030000000000000e+002 7.043324012637223e+001
-1.020000000000000e+002 6.922149195427087e+001
-1.010000000000000e+002 6.794671671653833e+001
-1.000000000000000e+002 6.660264402129106e+001
-9.900000000000000e+001 6.519773376668667e+001
-9.800000000000000e+001 6.370710532377287e+001
-9.700000000000000e+001 6.212994379128312e+001
-9.600000000000000e+001 6.044512984261480e+001
-9.500000000000000e+001 5.864832597946766e+001
-9.400000000000000e+001 5.671752239330089e+001
-9.300000000000000e+001 5.465553557716773e+001
-9.200000000000000e+001 5.245540889479665e+001
-9.100000000000000e+001 5.011864136325728e+001
-9.000000000000000e+001 4.765277495176844e+001
-8.900000000000000e+001 4.507337788352877e+001
-8.800000000000000e+001 4.241311794592139e+001
-8.700000000000000e+001 3.970452088592304e+001
-8.600000000000000e+001 3.698448803809464e+001
-8.500000000000000e+001 3.428266242450341e+001
-8.400000000000000e+001 3.164694523368425e+001
-8.300000000000000e+001 2.911647317827508e+001
-8.200000000000000e+001 2.671621728714659e+001
-8.100000000000000e+001 2.447317865570458e+001
-8.000000000000000e+001 2.240309607642289e+001
-7.900000000000000e+001 2.050700829979696e+001
-7.800000000000000e+001 1.879415853010412e+001
-7.700000000000000e+001 1.725933101733127e+001
-7.600000000000000e+001 1.588289437441877e+001
-7.500000000000000e+001 1.466241478836196e+001
-7.400000000000000e+001 1.358182623436636e+001
-7.300000000000000e+001 1.261264363499882e+001
-7.200000000000000e+001 1.175339549235204e+001
-7.100000000000000e+001 1.098303223651842e+001
-7.000000000000000e+001 1.029178132904708e+001
-6.900000000000000e+001 9.665140163616925e+000
-6.800000000000000e+001 9.089990798182665e+000
-6.700000000000000e+001 8.570002620718574e+000
-6.600000000000000e+001 8.085473698564135e+000
-6.500000000000000e+001 7.631272164708445e+000
-6.400000000000000e+001 7.212936747408953e+000
-6.300000000000000e+001 6.814912607225241e+000
-6.200000000000000e+001 6.425574771881672e+000
-6.100000000000000e+001 6.041862768258961e+000
-6.000000000000000e+001 5.663068796837595e+000
-5.900000000000000e+001 5.285928402761413e+000
-5.800000000000000e+001 4.906207683048289e+000
-5.700000000000000e+001 4.525536890173520e+000
-5.600000000000000e+001 4.145113366854243e+000
-5.500000000000000e+001 3.767776499157452e+000
-5.400000000000000e+001 3.394730862320279e+000
-5.300000000000000e+001 3.028394436431499e+000
-5.200000000000000e+001 2.673064518335819e+000
-5.100000000000000e+001 2.334959937814281e+000
-5.000000000000000e+001 2.015830441263030e+000
-4.900000000000000e+001 1.720040816735875e+000
-4.800000000000000e+001 1.453520289927239e+000
-4.700000000000000e+001 1.214144556471741e+000
-4.600000000000000e+001 1.002298149832542e+000
-4.500000000000000e+001 8.188100056162814e-001
-4.400000000000000e+001 6.617941681477989e-001
-4.300000000000000e+001 5.311550528994999e-001
-4.200000000000000e+001 4.223092895551601e-001
-4.100000000000000e+001 3.311504340895211e-001
-4.000000000000000e+001 2.575309058215813e-001
-3.900000000000000e+001 1.981582146517745e-001
-3.800000000000000e+001 1.518994294278599e-001
-3.700000000000000e+001 1.136123936773589e-001
-3.600000000000000e+001 8.589930487742400e-002
-3.500000000000000e+001 6.415177510927221e-002
-3.400000000000000e+001 4.678897872506096e-002
-3.300000000000000e+001 3.389001376716524e-002
-3.200000000000000e+001 2.514602012075191e-002
-3.100000000000000e+001 1.843394956962199e-002
-3.000000000000000e+001 1.387442590064425e-002
-2.900000000000000e+001 1.057728249444834e-002
-2.800000000000000e+001 8.002629449035114e-003
-2.700000000000000e+001 5.844888022058419e-003
-2.600000000000000e+001 4.392464288686059e-003
-2.500000000000000e+001 3.065555354026730e-003
-2.400000000000000e+001 2.291433670584135e-003
-2.300000000000000e+001 1.629555110089846e-003
-2.200000000000000e+001 1.242286755016219e-003
-2.100000000000000e+001 1.027387669310106e-003
-2.000000000000000e+001 3.964358289685287e+000
-1.900000000000000e+001 6.047383960335744e+000
-1.800000000000000e+001 9.027774805255723e+000
-1.700000000000000e+001 1.318850910960854e+001
-1.600000000000000e+001 1.885421305846061e+001
-1.500000000000000e+001 2.637646593200394e+001
-1.400000000000000e+001 3.610930030261916e+001
-1.300000000000000e+001 4.837435067345745e+001
-1.200000000000000e+001 6.341682141149424e+001
-1.100000000000000e+001 8.135548557470393e+001
-1.000000000000000e+001 1.021320747019328e+002
-9.000000000000000e+000 1.254672415237263e+002
-8.000000000000000e+000 1.508312730071658e+002
-7.000000000000000e+000 1.774374332898702e+002
-6.000000000000000e+000 2.042640621937994e+002
-5.000000000000000e+000 2.301078819660535e+002
-4.000000000000000e+000 2.536669213612338e+002
-3.000000000000000e+000 2.736459304522371e+002
-2.000000000000000e+000 2.888730070598925e+002
-1.000000000000000e+000 2.984130031705438e+002
0.000000000000000e+000 3.016625077236149e+002
1.000000000000000e+000 2.984130031705438e+002
2.000000000000000e+000 2.888730070598925e+002
3.000000000000000e+000 2.736459304522371e+002
4.000000000000000e+000 2.536669213612338e+002
5.000000000000000e+000 2.301078819660535e+002
6.000000000000000e+000 2.042640621937994e+002
7.000000000000000e+000 1.774374332898702e+002
8.000000000000000e+000 1.508312538618075e+002
9.000000000000000e+000 1.254672123156029e+002
1.000000000000000e+001 1.021320310968997e+002
1.100000000000000e+001 8.135542187133501e+001
1.200000000000000e+001 6.341673034030845e+001
1.300000000000000e+001 4.837422326671982e+001
1.400000000000000e+001 3.610912588248654e+001
1.500000000000000e+001 2.637623226701679e+001
1.600000000000000e+001 1.885390673272593e+001
1.700000000000000e+001 1.318811613350840e+001
1.800000000000000e+001 9.027281470621642e+000
1.900000000000000e+001 6.046777908339974e+000
2.000000000000000e+001 3.963545646269278e+000
2.100000000000000e+001 0.000000000000000e+000
2.200000000000000e+001 0.000000000000000e+000
2.300000000000000e+001 0.000000000000000e+000
2.400000000000000e+001 0.000000000000000e+000
2.500000000000000e+001 0.000000000000000e+000
2.600000000000000e+001 0.000000000000000e+000
2.700000000000000e+001 0.000000000000000e+000
2.800000000000000e+001 0.000000000000000e+000
2.900000000000000e+001 0.000000000000000e+000
3.000000000000000e+001 0.000000000000000e+000
3.100000000000000e+001 0.000000000000000e+000
3.200000000000000e+001 0.000000000000000e+000
3.300000000000000e+001 0.000000000000000e+000
3.400000000000000e+001 0.000000000000000e+000
3.500000000000000e+001 0.000000000000000e+000
3.600000000000000e+001 0.000000000000000e+000
3.700000000000000e+001 0.000000000000000e+000
3.800000000000000e+001 0.000000000000000e+000
3.900000000000000e+001 0.000000000000000e+000
4.000000000000000e+001 0.000000000000000e+000
4.100000000000000e+001 0.000000000000000e+000
4.200000000000000e+001 0.000000000000000e+000
4.300000000000000e+001 0.000000000000000e+000
4.400000000000000e+001 0.000000000000000e+000
4.500000000000000e+001 0.000000000000000e+000
4.600000000000000e+001 0.000000000000000e+000
4.700000000000000e+001 0.000000000000000e+000
4.800000000000000e+001 0.000000000000000e+000
4.900000000000000e+001 0.000000000000000e+000
5.000000000000000e+001 0.000000000000000e+000
5.100000000000000e+001 0.000000000000000e+000
5.200000000000000e+001 0.000000000000000e+000
5.300000000000000e+001 0.000000000000000e+000
5.400000000000000e+001 0.000000000000000e+000
5.500000000000000e+001 0.000000000000000e+000
5.600000000000000e+001 0.000000000000000e+000
5.700000000000000e+001 0.000000000000000e+000
5.800000000000000e+001 0.000000000000000e+000
5.900000000000000e+001 0.000000000000000e+000
6.000000000000000e+001 0.000000000000000e+000
6.100000000000000e+001 0.000000000000000e+000
6.200000000000000e+001 0.000000000000000e+000
6.300000000000000e+001 0.000000000000000e+000
6.400000000000000e+001 0.000000000000000e+000
6.500000000000000e+001 0.000000000000000e+000
6.600000000000000e+001 0.000000000000000e+000
6.700000000000000e+001 0.000000000000000e+000
6.800000000000000e+001 0.000000000000000e+000
6.900000000000000e+001 0.000000000000000e+000
7.000000000000000e+001 0.000000000000000e+000
7.100000000000000e+001 0.000000000000000e+000
7.200000000000000e+001 0.000000000000000e+000
7.300000000000000e+001 0.000000000000000e+000
7.400000000000000e+001 0.000000000000000e+000
7.500000000000000e+001 0.000000000000000e+000
7.600000000000000e+001 0.000000000000000e+000
7.700000000000000e+001 0.000000000000000e+000
7.800000000000000e+001 0.000000000000000e+000
7.900000000000000e+001 0.000000000000000e+000
8.000000000000000e+001 0.000000000000000e+000
8.100000000000000e+001 0.000000000000000e+000
8.200000000000000e+001 0.000000000000000e+000
8.300000000000000e+001 0.000000000000000e+000
8.400000000000000e+001 0.000000000000000e+000
8.500000000000000e+001 0.000000000000000e+000
8.600000000000000e+001 0.000000000000000e+000
8.700000000000000e+001 0.000000000000000e+000
8.800000000000000e+001 0.000000000000000e+000
8.900000000000000e+001 0.000000000000000e+000
9.000000000000000e+001 0.000000000000000e+000
9.100000000000000e+001 0.000000000000000e+000
9.200000000000000e+001 0.000000000000000e+000
9.300000000000000e+001 0.000000000000000e+000
9.400000000000000e+001 0.000000000000000e+000
9.500000000000000e+001 0.000000000000000e+000
9.600000000000000e+001 0.000000000000000e+000
9.700000000000000e+001 0.000000000000000e+000
9.800000000000000e+001 0.000000000000000e+000
9.900000000000000e+001 0.000000000000000e+000
1.000000000000000e+002 0.000000000000000e+000
1.010000000000000e+002 0.000000000000000e+000
1.020000000000000e+002 0.000000000000000e+000
1.030000000000000e+002 0.000000000000000e+000
1.040000000000000e+002 0.000000000000000e+000
1.050000000000000e+002 0.000000000000000e+000
1.060000000000000e+002 0.000000000000000e+000
1.070000000000000e+002 0.000000000000000e+000
1.080000000000000e+002 0.000000000000000e+000
1.090000000000000e+002 0.000000000000000e+000
1.100000000000000e+002 0.000000000000000e+000
1.110000000000000e+002 0.000000000000000e+000
1.120000000000000e+002 0.000000000000000e+000
1.130000000000000e+002 0.000000000000000e+000
1.140000000000000e+002 0.000000000000000e+000
1.150000000000000e+002 0.000000000000000e+000
1.160000000000000e+002 0.000000000000000e+000
1.170000000000000e+002 0.000000000000000e+000
1.180000000000000e+002 0.000000000000000e+000
1.190000000000000e+002 0.000000000000000e+000
1.200000000000000e+002 0.000000000000000e+000
1.210000000000000e+002 0.000000000000000e+000
1.220000000000000e+002 0.000000000000000e+000
1.230000000000000e+002 0.000000000000000e+000
1.240000000000000e+002 0.000000000000000e+000
1.250000000000000e+002 0.000000000000000e+000
1.260000000000000e+002 0.000000000000000e+000
1.270000000000000e+002 0.000000000000000e+000
1.280000000000000e+002 0.000000000000000e+000
1.290000000000000e+002 0.000000000000000e+000
1.300000000000000e+002 0.000000000000000e+000
1.310000000000000e+002 0.000000000000000e+000
1.320000000000000e+002 0.000000000000000e+000
1.330000000000000e+002 0.000000000000000e+000
1.340000000000000e+002 0.000000000000000e+000
1.350000000000000e+002 0.000000000000000e+000
1.360000000000000e+002 0.000000000000000e+000
1.370000000000000e+002 0.000000000000000e+000
1.380000000000000e+002 0.000000000000000e+000
1.390000000000000e+002 0.000000000000000e+000
1.400000000000000e+002 0.000000000000000e+000
1.410000000000000e+002 0.000000000000000e+000
1.420000000000000e+002 0.000000000000000e+000
1.430000000000000e+002 0.000000000000000e+000
1.440000000000000e+002 0.000000000000000e+000
1.450000000000000e+002 0.000000000000000e+000
1.460000000000000e+002 0.000000000000000e+000
1.470000000000000e+002 0.000000000000000e+000
1.480000000000000e+002 0.000000000000000e+000
1.490000000000000e+002 0.000000000000000e+000
1.500000000000000e+002 0.000000000000000e+000
1.510000000000000e+002 0.000000000000000e+000
1.520000000000000e+002 0.000000000000000e+000
1.530000000000000e+002 0.000000000000000e+000
1.540000000000000e+002 0.000000000000000e+000
1.550000000000000e+002 0.000000000000000e+000
1.560000000000000e+002 0.000000000000000e+000
1.570000000000000e+002 0.000000000000000e+000
1.580000000000000e+002 0.000000000000000e+000
1.590000000000000e+002 0.000000000000000e+000
1.600000000000000e+002 0.000000000000000e+000
1.610000000000000e+002 0.000000000000000e+000
1.620000000000000e+002 0.000000000000000e+000
1.630000000000000e+002 0.000000000000000e+000
1.640000000000000e+002 0.000000000000000e+000
1.650000000000000e+002 0.000000000000000e+000
1.660000000000000e+002 0.000000000000000e+000
1.670000000000000e+002 0.000000000000000e+000
1.680000000000000e+002 0.000000000000000e+000
1.690000000000000e+002 0.000000000000000e+000
1.700000000000000e+002 0.000000000000000e+000
1.710000000000000e+002 0.000000000000000e+000
1.720000000000000e+002 0.000000000000000e+000
1.730000000000000e+002 0.000000000000000e+000
1.740000000000000e+002 0.000000000000000e+000
1.750000000000000e+002 0.000000000000000e+000
1.760000000000000e+002 0.000000000000000e+000
1.770000000000000e+002 0.000000000000000e+000
1.780000000000000e+002 0.000000000000000e+000
1.790000000000000e+002 0.000000000000000e+000
1.800000000000000e+002 0.000000000000000e+000
1.810000000000000e+002 0.000000000000000e+000
1.820000000000000e+002 0.000000000000000e+000
1.830000000000000e+002 0.000000000000000e+000
1.840000000000000e+002 0.000000000000000e+000
1.850000000000000e+002 0.000000000000000e+000
1.860000000000000e+002 0.000000000000000e+000
1.870000000000000e+002 0.000000000000000e+000
1.880000000000000e+002 0.000000000000000e+000
1.890000000000000e+002 0.000000000000000e+000
1.900000000000000e+002 0.000000000000000e+000
1.910000000000000e+002 0.000000000000000e+000
1.920000000000000e+002 0.000000000000000e+000
1.930000000000000e+002 0.000000000000000e+000
1.940000000000000e+002 0.000000000000000e+000
1.950000000000000e+002 0.000000000000000e+000
1.960000000000000e+002 0.000000000000000e+000
1.970000000000000e+002 0.000000000000000e+000
1.980000000000000e+002 0.000000000000000e+000
1.990000000000000e+002 0.000000000000000e+000
2.000000000000000e+002 0.000000000000000e+000
2.010000000000000e+002 0.000000000000000e+000
2.020000000000000e+002 0.000000000000000e+000
2.030000000000000e+002 0.000000000000000e+000
2.040000000000000e+002 0.000000000000000e+000
2.050000000000000e+002 0.000000000000000e+000
2.060000000000000e+002 0.000000000000000e+000
2.070000000000000e+002 0.000000000000000e+000
2.080000000000000e+002 0.000000000000000e+000
2.090000000000000e+002 0.000000000000000e+000
2.100000000000000e+002 0.000000000000000e+000
2.110000000000000e+002 0.000000000000000e+000
2.120000000000000e+002 0.000000000000000e+000
2.130000000000000e+002 0.000000000000000e+000
2.140000000000000e+002 0.000000000000000e+000
2.150000000000000e+002 0.000000000000000e+000
2.160000000000000e+002 0.000000000000000e+000
2.170000000000000e+002 0.000000000000000e+000
2.180000000000000e+002 0.000000000000000e+000
2.190000000000000e+002 0.000000000000000e+000
2.200000000000000e+002 0.000000000000000e+000
2.210000000000000e+002 0.000000000000000e+000
2.220000000000000e+002 0.000000000000000e+000
2.230000000000000e+002 0.000000000000000e+000
2.240000000000000e+002 0.000000000000000e+000
2.250000000000000e+002 0.000000000000000e+000
2.260000000000000e+002 0.000000000000000e+000
2.270000000000000e+002 0.000000000000000e+000
2.280000000000000e+002 0.000000000000000e+000
2.290000000000000e+002 0.000000000000000e+000
2.300000000000000e+002 0.000000000000000e+000
2.310000000000000e+002 0.000000000000000e+000
2.320000000000000e+002 0.000000000000000e+000
2.330000000000000e+002 0.000000000000000e+000
2.340000000000000e+002 0.000000000000000e+000
2.350000000000000e+002 0.000000000000000e+000
2.360000000000000e+002 0.000000000000000e+000
2.370000000000000e+002 0.000000000000000e+000
2.380000000000000e+002 0.000000000000000e+000
2.390000000000000e+002 0.000000000000000e+000
2.400000000000000e+002 0.000000000000000e+000
2.410000000000000e+002 0.000000000000000e+000
2.420000000000000e+002 0.000000000000000e+000
2.430000000000000e+002 0.000000000000000e+000
2.440000000000000e+002 0.000000000000000e+000
2.450000000000000e+002 0.000000000000000e+000
2.460000000000000e+002 0.000000000000000e+000
2.470000000000000e+002 0.000000000000000e+000
2.480000000000000e+002 0.000000000000000e+000
2.490000000000000e+002 0.000000000000000e+000
2.500000000000000e+002 0.000000000000000e+000
2.510000000000000e+002 0.000000000000000e+000
2.520000000000000e+002 0.000000000000000e+000
2.530000000000000e+002 0.000000000000000e+000
2.540000000000000e+002 0.000000000000000e+000
2.550000000000000e+002 0.000000000000000e+000
2.560000000000000e+002 0.000000000000000e+000
2.570000000000000e+002 0.000000000000000e+000
2.580000000000000e+002 0.000000000000000e+000
2.590000000000000e+002 0.000000000000000e+000
2.600000000000000e+002 0.000000000000000e+000
2.610000000000000e+002 0.000000000000000e+000
2.620000000000000e+002 0.000000000000000e+000
2.630000000000000e+002 0.000000000000000e+000
2.640000000000000e+002 0.000000000000000e+000
2.650000000000000e+002 0.000000000000000e+000
2.660000000000000e+002 0.000000000000000e+000
2.670000000000000e+002 0.000000000000000e+000
2.680000000000000e+002 0.000000000000000e+000
2.690000000000000e+002 0.000000000000000e+000
2.700000000000000e+002 0.000000000000000e+000
2.710000000000000e+002 0.000000000000000e+000
2.720000000000000e+002 0.000000000000000e+000
2.730000000000000e+002 0.000000000000000e+000
2.740000000000000e+002 0.000000000000000e+000
2.750000000000000e+002 0.000000000000000e+000
2.760000000000000e+002 0.000000000000000e+000
2.770000000000000e+002 0.000000000000000e+000
2.780000000000000e+002 0.000000000000000e+000
2.790000000000000e+002 0.000000000000000e+000
2.800000000000000e+002 0.000000000000000e+000
2.810000000000000e+002 0.000000000000000e+000
2.820000000000000e+002 0.000000000000000e+000
2.830000000000000e+002 0.000000000000000e+000
2.840000000000000e+002 0.000000000000000e+000
2.850000000000000e+002 0.000000000000000e+000
2.860000000000000e+002 0.000000000000000e+000
2.870000000000000e+002 0.000000000000000e+000
2.880000000000000e+002 0.000000000000000e+000
2.890000000000000e+002 0.000000000000000e+000
2.900000000000000e+002 0.000000000000000e+000
2.910000000000000e+002 0.000000000000000e+000
2.920000000000000e+002 0.000000000000000e+000
2.930000000000000e+002 0.000000000000000e+000
2.940000000000000e+002 0.000000000000000e+000
2.950000000000000e+002 0.000000000000000e+000
2.960000000000000e+002 0.000000000000000e+000
2.970000000000000e+002 0.000000000000000e+000
2.980000000000000e+002 0.000000000000000e+000
2.990000000000000e+002 0.000000000000000e+000
3.000000000000000e+002 0.000000000000000e+000
3.010000000000000e+002 0.000000000000000e+000
3.020000000000000e+002 0.000000000000000e+000
3.030000000000000e+002 0.000000000000000e+000
3.040000000000000e+002 0.000000000000000e+000
3.050000000000000e+002 0.000000000000000e+000
3.060000000000000e+002 0.000000000000000e+000
3.070000000000000e+002 0.000000000000000e+000
3.080000000000000e+002 0.000000000000000e+000
3.090000000000000e+002 0.000000000000000e+000
3.100000000000000e+002 0.000000000000000e+000
3.110000000000000e+002 0.000000000000000e+000
3.120000000000000e+002 0.000000000000000e+000
3.130000000000000e+002 0.000000000000000e+000
3.140000000000000e+002 0.000000000000000e+000
3.150000000000000e+002 0.000000000000000e+000
3.160000000000000e+002 0.000000000000000e+000
3.170000000000000e+002 0.000000000000000e+000
3.180000000000000e+002 0.000000000000000e+000
3.190000000000000e+002 0.000000000000000e+000
3.200000000000000e+002 0.000000000000000e+000
3.210000000000000e+002 0.000000000000000e+000
3.220000000000000e+002 0.000000000000000e+000
3.230000000000000e+002 0.000000000000000e+000
3.240000000000000e+002 0.000000000000000e+000
3.250000000000000e+002 0.000000000000000e+000
3.260000000000000e+002 0.000000000000000e+000
3.270000000000000e+002 0.000000000000000e+000
3.280000000000000e+002 0.000000000000000e+000
3.290000000000000e+002 0.000000000000000e+000
3.300000000000000e+002 0.000000000000000e+000
3.310000000000000e+002 0.000000000000000e+000
3.320000000000000e+002 0.000000000000000e+000
3.330000000000000e+002 0.000000000000000e+000
3.340000000000000e+002 0.000000000000000e+000
3.350000000000000e+002 0.000000000000000e+000
3.360000000000000e+002 0.000000000000000e+000
3.370000000000000e+002 0.000000000000000e+000
3.380000000000000e+002 0.000000000000000e+000
3.390000000000000e+002 0.000000000000000e+000
3.400000000000000e+002 0.000000000000000e+000
3.410000000000000e+002 0.000000000000000e+000
3.420000000000000e+002 0.000000000000000e+000
3.430000000000000e+002 0.000000000000000e+000
3.440000000000000e+002 0.000000000000000e+000
3.450000000000000e+002 0.000000000000000e+000
3.460000000000000e+002 0.000000000000000e+000
3.470000000000000e+002 0.000000000000000e+000
3.480000000000000e+002 0.000000000000000e+000
3.490000000000000e+002 0.000000000000000e+000
3.500000000000000e+002 0.000000000000000e+000
3.510000000000000e+002 0.000000000000000e+000
3.520000000000000e+002 0.000000000000000e+000
3.530000000000000e+002 0.000000000000000e+000
3.540000000000000e+002 0.000000000000000e+000
