-3.530000000000000e+002 0.000000000000000e+000
-3.520000000000000e+002 0.000000000000000e+000
-3.510000000000000e+002 0.000000000000000e+000
-3.500000000000000e+002 0.000000000000000e+000
-3.490000000000000e+002 0.000000000000000e+000
-3.480000000000000e+002 0.000000000000000e+000
-3.470000000000000e+002 0.000000000000000e+000
-3.460000000000000e+002 0.000000000000000e+000
-3.450000000000000e+002 0.000000000000000e+000
-3.440000000000000e+002 0.000000000000000e+000
-3.430000000000000e+002 0.000000000000000e+000
-3.420000000000000e+002 0.000000000000000e+000
-3.410000000000000e+002 0.000000000000000e+000
-3.400000000000000e+002 0.000000000000000e+000
-3.390000000000000e+002 0.000000000000000e+000
-3.380000000000000e+002 0.000000000000000e+000
-3.370000000000000e+002 0.000000000000000e+000
-3.360000000000000e+002 0.000000000000000e+000
-3.350000000000000e+002 0.000000000000000e+000
-3.340000000000000e+002 0.000000000000000e+000
-3.330000000000000e+002 0.000000000000000e+000
-3.320000000000000e+002 0.000000000000000e+000
-3.310000000000000e+002 0.000000000000000e+000
-3.300000000000000e+002 0.000000000000000e+000
-3.290000000000000e+002 0.000000000000000e+000
-3.280000000000000e+002 0.000000000000000e+000
-3.270000000000000e+002 0.000000000000000e+000
-3.260000000000000e+002 0.000000000000000e+000
-3.250000000000000e+002 0.000000000000000e+000
-3.240000000000000e+002 0.000000000000000e+000
-3.230000000000000e+002 0.000000000000000e+000
-3.220000000000000e+002 0.000000000000000e+000
-3.210000000000000e+002 0.000000000000000e+000
-3.200000000000000e+002 0.000000000000000e+000
-3.190000000000000e+002 0.000000000000000e+000
-3.180000000000000e+002 0.000000000000000e+000
-3.170000000000000e+002 0.000000000000000e+000
-3.160000000000000e+002 0.000000000000000e+000
-3.150000000000000e+002 0.000000000000000e+000
-3.140000000000000e+002 0.000000000000000e+000
-3.130000000000000e+002 0.000000000000000e+000
-3.120000000000000e+002 0.000000000000000e+000
-3.110000000000000e+002 0.000000000000000e+000
-3.100000000000000e+002 0.000000000000000e+000
-3.090000000000000e+002 0.000000000000000e+000
-3.080000000000000e+002 0.000000000000000e+000
-3.070000000000000e+002 0.000000000000000e+000
-3.060000000000000e+002 0.000000000000000e+000
-3.050000000000000e+002 0.000000000000000e+000
-3.040000000000000e+002 0.000000000000000e+000
-3.030000000000000e+002 0.000000000000000e+000
-3.020000000000000e+002 0.000000000000000e+000
-3.010000000000000e+002 0.000000000000000e+000
-3.000000000000000e+002 0.000000000000000e+000
-2.990000000000000e+002 0.000000000000000e+000
-2.980000000000000e+002 0.000000000000000e+000
-2.970000000000000e+002 0.000000000000000e+000
-2.960000000000000e+002 0.000000000000000e+000
-2.950000000000000e+002 0.000000000000000e+000
-2.940000000000000e+002 0.000000000000000e+000
-2.930000000000000e+002 0.000000000000000e+000
-2.920000000000000e+002 0.000000000000000e+000
-2.910000000000000e+002 0.000000000000000e+000
-2.900000000000000e+002 0.000000000000000e+000
-2.890000000000000e+002 0.000000000000000e+000
-2.880000000000000e+002 0.000000000000000e+000
-2.870000000000000e+002 0.000000000000000e+000
-2.860000000000000e+002 0.000000000000000e+000
-2.850000000000000e+002 0.000000000000000e+000
-2.840000000000000e+002 0.000000000000000e+000
-2.830000000000000e+002 0.000000000000000e+000
-2.820000000000000e+002 0.000000000000000e+000
-2.810000000000000e+002 0.000000000000000e+000
-2.800000000000000e+002 0.000000000000000e+000
-2.790000000000000e+002 0.000000000000000e+000
-2.780000000000000e+002 0.000000000000000e+000
-2.770000000000000e+002 0.000000000000000e+000
-2.760000000000000e+002 0.000000000000000e+000
-2.750000000000000e+002 0.000000000000000e+000
-2.740000000000000e+002 0.000000000000000e+000
-2.730000000000000e+002 0.000000000000000e+000
-2.720000000000000e+002 0.000000000000000e+000
-2.710000000000000e+002 0.000000000000000e+000
-2.700000000000000e+002 0.000000000000000e+000
-2.690000000000000e+002 0.000000000000000e+000
-2.680000000000000e+002 0.000000000000000e+000
-2.670000000000000e+002 0.000000000000000e+000
-2.660000000000000e+002 0.000000000000000e+000
-2.650000000000000e+002 0.000000000000000e+000
-2.640000000000000e+002 0.000000000000000e+000
-2.630000000000000e+002 0.000000000000000e+000
-2.620000000000000e+002 0.000000000000000e+000
-2.610000000000000e+002 0.000000000000000e+000
-2.600000000000000e+002 0.000000000000000e+000
-2.590000000000000e+002 0.000000000000000e+000
-2.580000000000000e+002 0.000000000000000e+000
-2.570000000000000e+002 0.000000000000000e+000
-2.560000000000000e+002 0.000000000000000e+000
-2.550000000000000e+002 0.000000000000000e+000
-2.540000000000000e+002 0.000000000000000e+000
-2.530000000000000e+002 0.000000000000000e+000
-2.520000000000000e+002 0.000000000000000e+000
-2.510000000000000e+002 0.000000000000000e+000
-2.500000000000000e+002 0.000000000000000e+000
-2.490000000000000e+002 0.000000000000000e+000
-2.480000000000000e+002 0.000000000000000e+000
-2.470000000000000e+002 0.000000000000000e+000
-2.460000000000000e+002 0.000000000000000e+000
-2.450000000000000e+002 0.000000000000000e+000
-2.440000000000000e+002 0.000000000000000e+000
-2.430000000000000e+002 0.000000000000000e+000
-2.420000000000000e+002 0.000000000000000e+000
-2.410000000000000e+002 0.000000000000000e+000
-2.400000000000000e+002 0.000000000000000e+000
-2.390000000000000e+002 0.000000000000000e+000
-2.380000000000000e+002 0.000000000000000e+000
-2.370000000000000e+002 0.000000000000000e+000
-2.360000000000000e+002 0.000000000000000e+000
-2.350000000000000e+002 0.000000000000000e+000
-2.340000000000000e+002 0.000000000000000e+000
-2.330000000000000e+002 0.000000000000000e+000
-2.320000000000000e+002 0.000000000000000e+000
-2.310000000000000e+002 0.000000000000000e+000
-2.300000000000000e+002 0.000000000000000e+000
-2.290000000000000e+002 0.000000000000000e+000
-2.280000000000000e+002 0.000000000000000e+000
-2.270000000000000e+002 0.000000000000000e+000
-2.260000000000000e+002 0.000000000000000e+000
-2.250000000000000e+002 0.000000000000000e+000
-2.240000000000000e+002 0.000000000000000e+000
-2.230000000000000e+002 0.000000000000000e+000
-2.220000000000000e+002 0.000000000000000e+000
-2.210000000000000e+002 4.723404617521513e-004
-2.200000000000000e+002 1.572371582333274e-003
-2.190000000000000e+002 3.840047747729777e-003
-2.180000000000000e+002 7.186284614846962e-003
-2.170000000000000e+002 1.077339085889625e-002
-2.160000000000000e+002 1.756160624998493e-002
-2.150000000000000e+002 2.687898545327824e-002
-2.140000000000000e+002 3.848871423715135e-002
-2.130000000000000e+002 5.555634341231255e-002
-2.120000000000000e+002 7.871423821529902e-002
-2.110000000000000e+002 1.084555335283242e-001
-2.100000000000000e+002 1.468391397368186e-001
-2.090000000000000e+002 1.955484764978890e-001
-2.080000000000000e+002 2.551268310396765e-001
-2.070000000000000e+002 3.259352753075806e-001
-2.060000000000000e+002 4.106837258400309e-001
-2.050000000000000e+002 5.118473225552159e-001
-2.040000000000000e+002 6.316901050225183e-001
-2.030000000000000e+002 7.710241617605751e-001
-2.020000000000000e+002 9.378313550853681e-001
-2.010000000000000e+002 1.138187867658593e+000
-2.000000000000000e+002 1.380328823142897e+000
-1.990000000000000e+002 1.670061007664766e+000
-1.980000000000000e+002 2.014005057472453e+000
-1.970000000000000e+002 2.425648945666897e+000
-1.960000000000000e+002 2.921696377166148e+000
-1.950000000000000e+002 3.522595085370663e+000
-1.940000000000000e+002 4.250445810110551e+000
-1.930000000000000e+002 5.119843482983637e+000
-1.920000000000000e+002 6.163097910610611e+000
-1.910000000000000e+002 7.402276974442497e+000
-1.900000000000000e+002 8.859937181207219e+000
-1.890000000000000e+002 1.055851842963926e+001
-1.880000000000000e+002 1.250935203710877e+001
-1.870000000000000e+002 1.472356578046738e+001
-1.860000000000000e+002 1.720300985062111e+001
-1.850000000000000e+002 1.994103169214083e+001
-1.840000000000000e+002 2.291933359684726e+001
-1.830000000000000e+002 2.611451379791170e+001
-1.820000000000000e+002 2.950591380983438e+001
-1.810000000000000e+002 3.306374936894315e+001
-1.800000000000000e+002 3.673814691423809e+001
-1.790000000000000e+002 4.052494706564300e+001
-1.780000000000000e+002 4.439668374859968e+001
-1.770000000000000e+002 4.833919921111119e+001
-1.760000000000000e+002 5.235561415295270e+001
-1.750000000000000e+002 5.644307647196216e+001
-1.740000000000000e+002 6.062592860554508e+001
-1.730000000000000e+002 6.490950717383397e+001
-1.720000000000000e+002 6.930774040141090e+001
-1.710000000000000e+002 7.383716181803145e+001
-1.700000000000000e+002 7.849309583661690e+001
-1.690000000000000e+002 8.329492911801775e+001
-1.680000000000000e+002 8.819523702700924e+001
-1.670000000000000e+002 9.316290096028750e+001
-1.660000000000000e+002 9.816342287846277e+001
-1.650000000000000e+002 1.031235919702070e+002
-1.640000000000000e+002 1.079798426961811e+002
-1.630000000000000e+002 1.126597123648632e+002
-1.620000000000000e+002 1.171068171407130e+002
-1.610000000000000e+002 1.212648272454640e+002
-1.600000000000000e+002 1.250825243723850e+002
-1.590000000000000e+002 1.285249162627219e+002
-1.580000000000000e+002 1.315802084862349e+002
-1.570000000000000e+002 1.342339103123758e+002
-1.560000000000000e+002 1.365010286140879e+002
-1.550000000000000e+002 1.383904564756133e+002
-1.540000000000000e+002 1.399439761139793e+002
-1.530000000000000e+002 1.411866585092775e+002
-1.520000000000000e+002 1.421601384569071e+002
-1.510000000000000e+002 1.428857308344242e+002
-1.500000000000000e+002 1.433766739118247e+002
-1.490000000000000e+002 1.436584983512366e+002
-1.480000000000000e+002 1.437369628696049e+002
-1.470000000000000e+002 1.436228474652798e+002
-1.460000000000000e+002 1.432908940300124e+002
-1.450000000000000e+002 1.427306454743817e+002
-1.440000000000000e+002 1.419323528631415e+002
-1.430000000000000e+002 1.408826220933662e+002
-1.420000000000000e+002 1.395646679376517e+002
-1.410000000000000e+002 1.379707323791660e+002
-1.400000000000000e+002 1.360946427307788e+002
-1.390000000000000e+002 1.339759719728236e+002
-1.380000000000000e+002 1.316027311229837e+002
-1.370000000000000e+002 1.290239719573389e+002
-1.360000000000000e+002 1.262745276540506e+002
-1.350000000000000e+002 1.234090403570916e+002
-1.340000000000000e+002 1.204742461704963e+002
-1.330000000000000e+002 1.175142543559727e+002
-1.320000000000000e+002 1.145942960472608e+002
-1.310000000000000e+002 1.117656139926362e+002
-1.300000000000000e+002 1.090677175670312e+002
-1.290000000000000e+002 1.065387143571766e+002
-1.280000000000000e+002 1.041845301118930e+002
-1.270000000000000e+002 1.020511982355143e+002
-1.260000000000000e+002 1.001494395057700e+002
-1.250000000000000e+002 9.846385325421915e+001
-1.240000000000000e+002 9.699622676842516e+001
-1.230000000000000e+002 9.573563489166864e+001
-1.220000000000000e+002 9.466217888704809e+001
-1.210000000000000e+002 9.374554905502563e+001
-1.200000000000000e+002 9.296775647792506e+001
-1.190000000000000e+002 9.231124598362138e+001
-1.180000000000000e+002 9.174413585655498e+001
-1.170000000000000e+002 9.125124408541546e+001
-1.160000000000000e+002 9.081045129652819e+001
-1.150000000000000e+002 9.038066521397880e+001
-1.140000000000000e+002 8.996012857854403e+001
-1.130000000000000e+002 8.950135061945387e+001
-1.120000000000000e+002 8.899932521933229e+001
-1.110000000000000e+002 8.843132358554897e+001
-1.100000000000000e+002 8.778732122475509e+001
-1.090000000000000e+002 8.707045158075390e+001
-1.080000000000000e+002 8.624841235388521e+001
-1.070000000000000e+002 8.532867286100932e+001
-1.060000000000000e+002 8.430750906645113e+001
-1.050000000000000e+002 8.318781089767533e+001
-1.040000000000000e+002 8.197037334821844e+001
-1.030000000000000e+002 8.066113348968143e+001
-1.020000000000000e+002 7.926984659268217e+001
-1.010000000000000e+002 7.780083636912630e+001
-1.000000000000000e+002 7.624925833211496e+001
-9.900000000000000e+001 7.462576065569507e+001
-9.800000000000000e+001 7.290977102681528e+001
-9.700000000000000e+001 7.110160357426250e+001
-9.600000000000000e+001 6.918073617352944e+001
-9.500000000000000e+001 6.714290346755938e+001
-9.400000000000000e+001 6.496813346409839e+001
-9.300000000000000e+001 6.266141703615704e+001
-9.200000000000000e+001 6.021456754198012e+001
-9.100000000000000e+001 5.763144858749668e+001
-9.000000000000000e+001 5.491740754013725e+001
-8.900000000000000e+001 5.208998967470773e+001
-8.800000000000000e+001 4.918355203062612e+001
-8.700000000000000e+001 4.622967305730247e+001
-8.600000000000000e+001 4.326616624471473e+001
-8.500000000000000e+001 4.032571210847163e+001
-8.400000000000000e+001 3.745363833788132e+001
-8.300000000000000e+001 3.469337765771438e+001
-8.200000000000000e+001 3.207005393843740e+001
-8.100000000000000e+001 2.961179646279015e+001
-8.000000000000000e+001 2.733609346812712e+001
-7.900000000000000e+001 2.524287053327295e+001
-7.800000000000000e+001 2.334127989362581e+001
-7.700000000000000e+001 2.162801083298255e+001
-7.600000000000000e+001 2.008259201604879e+001
-7.500000000000000e+001 1.870106873457669e+001
-7.400000000000000e+001 1.746928435538516e+001
-7.300000000000000e+001 1.635664331186004e+001
-7.200000000000000e+001 1.536107561948613e+001
-7.100000000000000e+001 1.446117216485469e+001
-7.000000000000000e+001 1.364599749633139e+001
-6.900000000000000e+001 1.289978445702747e+001
-6.800000000000000e+001 1.221063335374914e+001
-6.700000000000000e+001 1.157850748187440e+001
-6.600000000000000e+001 1.098414849025784e+001
-6.500000000000000e+001 1.042205808565793e+001
-6.400000000000000e+001 9.896499966772168e+000
-6.300000000000000e+001 9.392457074041694e+000
-6.200000000000000e+001 8.897369593001249e+000
-6.100000000000000e+001 8.407357213236253e+000
-6.000000000000000e+001 7.922415588807505e+000
-5.900000000000000e+001 7.440485991505604e+000
-5.800000000000000e+001 6.956129013113878e+000
-5.700000000000000e+001 6.471438284831338e+000
-5.600000000000000e+001 5.989818434545677e+000
-5.500000000000000e+001 5.514053910761407e+000
-5.400000000000000e+001 5.045911338826671e+000
-5.300000000000000e+001 4.587397590067216e+000
-5.200000000000000e+001 4.143918939842236e+000
-5.100000000000000e+001 3.722447278883002e+000
-5.000000000000000e+001 3.324208743679967e+000
-4.900000000000000e+001 2.954315114150122e+000
-4.800000000000000e+001 2.618568049349817e+000
-4.700000000000000e+001 2.314789161827473e+000
-4.600000000000000e+001 2.043808266650559e+000
-4.500000000000000e+001 1.806384938621101e+000
-4.400000000000000e+001 1.600351675984008e+000
-4.300000000000000e+001 1.425573585747211e+000
-4.200000000000000e+001 1.276140664220573e+000
-4.100000000000000e+001 1.148749530185246e+000
-4.000000000000000e+001 1.042428197346473e+000
-3.900000000000000e+001 9.531922710246409e-001
-3.800000000000000e+001 8.802510162776566e-001
-3.700000000000000e+001 8.170573791234101e-001
-3.600000000000000e+001 7.659818608756536e-001
-3.500000000000000e+001 7.213395949957044e-001
-3.400000000000000e+001 6.815459330376086e-001
-3.300000000000000e+001 6.461479050967007e-001
-3.200000000000000e+001 6.145695393237505e-001
-3.100000000000000e+001 5.845090223896851e-001
-3.000000000000000e+001 5.560638297674149e-001
-2.900000000000000e+001 5.282432661358426e-001
-2.800000000000000e+001 5.003311922228003e-001
-2.700000000000000e+001 4.725048376844516e-001
-2.600000000000000e+001 4.461325483193559e-001
-2.500000000000000e+001 4.204246977617254e-001
-2.400000000000000e+001 3.958675059450265e-001
-2.300000000000000e+001 3.727153948344257e-001
-2.200000000000000e+001 3.512114065283879e-001
-2.100000000000000e+001 3.318996761642096e-001
-2.000000000000000e+001 4.277897414923054e+000
-1.900000000000000e+001 6.345355966134512e+000
-1.800000000000000e+001 9.312052678331170e+000
-1.700000000000000e+001 1.346205363468149e+001
-1.600000000000000e+001 1.912532702465302e+001
-1.500000000000000e+001 2.665041518738082e+001
-1.400000000000000e+001 3.639405191676515e+001
-1.300000000000000e+001 4.867496681494162e+001
-1.200000000000000e+001 6.374158699877796e+001
-1.100000000000000e+001 8.171577704978786e+001
-1.000000000000000e+001 1.025416742795488e+002
-9.000000000000000e+000 1.259426463505885e+002
-8.000000000000000e+000 1.513919045026918e+002
-7.000000000000000e+000 1.781046706715845e+002
-6.000000000000000e+000 2.050610664924029e+002
-5.000000000000000e+000 2.310587302253763e+002
-4.000000000000000e+000 2.547945617838578e+002
-3.000000000000000e+000 2.749707946360093e+002
-2.000000000000000e+000 2.904113744338091e+002
-1.000000000000000e+000 3.001759523775168e+002
0.000000000000000e+000 3.036543494192536e+002
1.000000000000000e+000 3.006305896903331e+002
2.000000000000000e+000 2.913052152938392e+002
3.000000000000000e+000 2.762741715807683e+002
4.000000000000000e+000 2.564658974060112e+002
5.000000000000000e+000 2.330473150621628e+002
6.000000000000000e+000 2.073106610372537e+002
7.000000000000000e+000 1.805569179729675e+002
8.000000000000000e+000 1.539900563059701e+002
9.000000000000000e+000 1.286348604329171e+002
1.000000000000000e+001 1.052818690242898e+002
1.100000000000000e+001 8.446576938117536e+001
1.200000000000000e+001 6.647090774788113e+001
1.300000000000000e+001 5.135998917242112e+001
1.400000000000000e+001 3.901856870474811e+001
1.500000000000000e+001 2.920389615773353e+001
1.600000000000000e+001 2.159659721414511e+001
1.700000000000000e+001 1.584353683172328e+001
1.800000000000000e+001 1.159319576871228e+001
1.900000000000000e+001 8.520872050430773e+000
2.000000000000000e+001 6.343187484945635e+000
2.100000000000000e+001 2.282052422098007e+000
2.200000000000000e+001 2.181202513002944e+000
2.300000000000000e+001 2.076930393282540e+000
2.400000000000000e+001 1.969472984251849e+000
2.500000000000000e+001 1.856798586660123e+000
2.600000000000000e+001 1.745024325169199e+000
2.700000000000000e+001 1.635016710832773e+000
2.800000000000000e+001 1.530335722551466e+000
2.900000000000000e+001 1.429961443416286e+000
3.000000000000000e+001 1.333486129064498e+000
3.100000000000000e+001 1.242263481387821e+000
3.200000000000000e+001 1.156961864197073e+000
3.300000000000000e+001 1.078140489655684e+000
3.400000000000000e+001 1.005964777712614e+000
3.500000000000000e+001 9.401151109424897e-001
3.600000000000000e+001 8.802449603245187e-001
3.700000000000000e+001 8.266475026829981e-001
3.800000000000000e+001 7.786894437754629e-001
3.900000000000000e+001 7.357900693563152e-001
4.000000000000000e+001 6.968820044502342e-001
4.100000000000000e+001 6.611510414521437e-001
4.200000000000000e+001 6.280401831054253e-001
4.300000000000000e+001 5.972993006865688e-001
4.400000000000000e+001 5.687435351060534e-001
4.500000000000000e+001 5.418264489233576e-001
4.600000000000000e+001 5.163224983157845e-001
4.700000000000000e+001 4.925561577236644e-001
4.800000000000000e+001 4.701843988561779e-001
4.900000000000000e+001 4.492908653715224e-001
5.000000000000000e+001 4.296660358722636e-001
5.100000000000000e+001 4.114991414753666e-001
5.200000000000000e+001 3.943810056652103e-001
5.300000000000000e+001 3.782472906138786e-001
5.400000000000000e+001 3.632660575175080e-001
5.500000000000000e+001 3.489083361957690e-001
5.600000000000000e+001 3.352952831264334e-001
5.700000000000000e+001 3.220466397755495e-001
5.800000000000000e+001 3.093640436101022e-001
5.900000000000000e+001 2.972445877861190e-001
6.000000000000000e+001 2.853499024439447e-001
6.100000000000000e+001 2.738276362083202e-001
6.200000000000000e+001 2.627717148554000e-001
6.300000000000000e+001 2.522819188815891e-001
6.400000000000000e+001 2.423464269022838e-001
6.500000000000000e+001 2.328408607255867e-001
6.600000000000000e+001 2.240176390379622e-001
6.700000000000000e+001 2.158296259028970e-001
6.800000000000000e+001 2.082911492532876e-001
6.900000000000000e+001 2.015014312448538e-001
7.000000000000000e+001 1.953357692730709e-001
7.100000000000000e+001 1.896812169335292e-001
7.200000000000000e+001 1.844524609654663e-001
7.300000000000000e+001 1.797022200617757e-001
7.400000000000000e+001 1.754464978230895e-001
7.500000000000000e+001 1.715360271275032e-001
7.600000000000000e+001 1.680368586089918e-001
7.700000000000000e+001 1.647379904473784e-001
7.800000000000000e+001 1.616135734969275e-001
7.900000000000000e+001 1.586777125340520e-001
8.000000000000000e+001 1.560667316137416e-001
8.100000000000000e+001 1.537905798795157e-001
8.200000000000000e+001 1.518414887168933e-001
8.300000000000000e+001 1.501250461380012e-001
8.400000000000000e+001 1.486543095570214e-001
8.500000000000000e+001 1.475483118423667e-001
8.600000000000000e+001 1.467022741121378e-001
8.700000000000000e+001 1.461098735325146e-001
8.800000000000000e+001 1.457408710548877e-001
8.900000000000000e+001 1.455226154850398e-001
9.000000000000000e+001 1.454928034305477e-001
9.100000000000000e+001 1.455514726340734e-001
9.200000000000000e+001 1.456270703958041e-001
9.300000000000000e+001 1.456672074803536e-001
9.400000000000000e+001 1.457865785866638e-001
9.500000000000000e+001 1.457731195822072e-001
9.600000000000000e+001 1.456791660422158e-001
9.700000000000000e+001 1.455130622431401e-001
9.800000000000000e+001 1.453416943459170e-001
9.900000000000000e+001 1.450443071694195e-001
1.000000000000000e+002 1.446582418051816e-001
1.010000000000000e+002 1.442745260829461e-001
1.020000000000000e+002 1.438832468724038e-001
1.030000000000000e+002 1.434345275535703e-001
1.040000000000000e+002 1.429690611360954e-001
1.050000000000000e+002 1.424415908289381e-001
1.060000000000000e+002 1.418890220584146e-001
1.070000000000000e+002 1.413068805896152e-001
1.080000000000000e+002 1.407241404411671e-001
1.090000000000000e+002 1.401145745675340e-001
1.100000000000000e+002 1.395636468979479e-001
1.110000000000000e+002 1.389038141937188e-001
1.120000000000000e+002 1.382927683394603e-001
1.130000000000000e+002 1.377100603075329e-001
1.140000000000000e+002 1.371179986751292e-001
1.150000000000000e+002 1.364201668112406e-001
1.160000000000000e+002 1.356734664603231e-001
1.170000000000000e+002 1.348569995833699e-001
1.180000000000000e+002 1.339425251554160e-001
1.190000000000000e+002 1.328922874308705e-001
1.200000000000000e+002 1.316425475247936e-001
1.210000000000000e+002 1.302328161993159e-001
1.220000000000000e+002 1.286642579599528e-001
1.230000000000000e+002 1.269694143304236e-001
1.240000000000000e+002 1.252033858290073e-001
1.250000000000000e+002 1.232826149753198e-001
1.260000000000000e+002 1.213142016754262e-001
1.270000000000000e+002 1.193342662105414e-001
1.280000000000000e+002 1.173555425833226e-001
1.290000000000000e+002 1.154004798226525e-001
1.300000000000000e+002 1.134769132883719e-001
1.310000000000000e+002 1.115805290844438e-001
1.320000000000000e+002 1.097349603522406e-001
1.330000000000000e+002 1.079117957883947e-001
1.340000000000000e+002 1.061458710522177e-001
1.350000000000000e+002 1.043974134850096e-001
1.360000000000000e+002 1.026569880982298e-001
1.370000000000000e+002 1.009535265790791e-001
1.380000000000000e+002 9.924691083876516e-002
1.390000000000000e+002 9.753902825271875e-002
1.400000000000000e+002 9.584012012084039e-002
1.410000000000000e+002 9.413359057432899e-002
1.420000000000000e+002 9.240173778522022e-002
1.430000000000000e+002 9.063557482053071e-002
1.440000000000000e+002 8.879170684640093e-002
1.450000000000000e+002 8.692238872658481e-002
1.460000000000000e+002 8.501631660390230e-002
1.470000000000000e+002 8.304431065037686e-002
1.480000000000000e+002 8.100405512356777e-002
1.490000000000000e+002 7.886469115617285e-002
1.500000000000000e+002 7.669759159467940e-002
1.510000000000000e+002 7.445930088183116e-002
1.520000000000000e+002 7.223238959377597e-002
1.530000000000000e+002 6.998745173281738e-002
1.540000000000000e+002 6.773347138586311e-002
1.550000000000000e+002 6.548885092703829e-002
1.560000000000000e+002 6.326530935110548e-002
1.570000000000000e+002 6.107154146928589e-002
1.580000000000000e+002 5.893328379676060e-002
1.590000000000000e+002 5.683086788930041e-002
1.600000000000000e+002 5.475023329129670e-002
1.610000000000000e+002 5.269532366599778e-002
1.620000000000000e+002 5.068462367533825e-002
1.630000000000000e+002 4.867326188440701e-002
1.640000000000000e+002 4.669241232186140e-002
1.650000000000000e+002 4.471221367579303e-002
1.660000000000000e+002 4.280315868696109e-002
1.670000000000000e+002 4.091001117189173e-002
1.680000000000000e+002 3.906563377632241e-002
1.690000000000000e+002 3.728383547717339e-002
1.700000000000000e+002 3.554411511740019e-002
1.710000000000000e+002 3.387892637390109e-002
1.720000000000000e+002 3.229201699998354e-002
1.730000000000000e+002 3.078105710082535e-002
1.740000000000000e+002 2.938030186388638e-002
1.750000000000000e+002 2.805084264587512e-002
1.760000000000000e+002 2.681075150188792e-002
1.770000000000000e+002 2.569123283028233e-002
1.780000000000000e+002 2.467011392197108e-002
1.790000000000000e+002 2.372683432797753e-002
1.800000000000000e+002 2.289310311313847e-002
1.810000000000000e+002 2.215445968138699e-002
1.820000000000000e+002 2.147433287378948e-002
1.830000000000000e+002 2.086392387236010e-002
1.840000000000000e+002 2.033893949085347e-002
1.850000000000000e+002 1.988242320957837e-002
1.860000000000000e+002 1.942562832352453e-002
1.870000000000000e+002 1.901953830326785e-002
1.880000000000000e+002 1.862327975228462e-002
1.890000000000000e+002 1.821883352047836e-002
1.900000000000000e+002 1.781790670259128e-002
1.910000000000000e+002 1.738162040567189e-002
1.920000000000000e+002 1.693452882177326e-002
1.930000000000000e+002 1.645165425086002e-002
1.940000000000000e+002 1.595848781959824e-002
1.950000000000000e+002 1.544359236896870e-002
1.960000000000000e+002 1.491722756885330e-002
1.970000000000000e+002 1.437907918777253e-002
1.980000000000000e+002 1.383828759311754e-002
1.990000000000000e+002 1.328954676137767e-002
2.000000000000000e+002 1.275915587921331e-002
2.010000000000000e+002 1.223588504266745e-002
2.020000000000000e+002 1.173588913672799e-002
2.030000000000000e+002 1.124231984625467e-002
2.040000000000000e+002 1.078042541270183e-002
2.050000000000000e+002 1.033120536200099e-002
2.060000000000000e+002 9.891625347816378e-003
2.070000000000000e+002 9.468763195376435e-003
2.080000000000000e+002 9.053487220527593e-003
2.090000000000000e+002 8.652553550807376e-003
2.100000000000000e+002 8.243104882326728e-003
2.110000000000000e+002 7.845715709829582e-003
2.120000000000000e+002 7.443494822957178e-003
2.130000000000000e+002 7.050698405152925e-003
2.140000000000000e+002 6.662471514765030e-003
2.150000000000000e+002 6.260443686174766e-003
2.160000000000000e+002 5.874166917000039e-003
2.170000000000000e+002 5.490456120849111e-003
2.180000000000000e+002 5.115326485860531e-003
2.190000000000000e+002 4.742899339737352e-003
2.200000000000000e+002 4.392560567390902e-003
2.210000000000000e+002 4.053109431931288e-003
2.220000000000000e+002 3.728936342908498e-003
2.230000000000000e+002 3.423914542500193e-003
2.240000000000000e+002 3.134923116632606e-003
2.250000000000000e+002 2.857042870302791e-003
2.260000000000000e+002 2.604435632251806e-003
2.270000000000000e+002 2.372424471054887e-003
2.280000000000000e+002 2.156618265267910e-003
2.290000000000000e+002 1.952404597066934e-003
2.300000000000000e+002 1.769215544646602e-003
2.310000000000000e+002 1.598892785696472e-003
2.320000000000000e+002 1.449515310441945e-003
2.330000000000000e+002 1.307894589412065e-003
2.340000000000000e+002 1.185796449488303e-003
2.350000000000000e+002 1.066854625127999e-003
2.360000000000000e+002 9.678220400056007e-004
2.370000000000000e+002 8.789080594630957e-004
2.380000000000000e+002 7.991544695022127e-004
2.390000000000000e+002 7.351138945024534e-004
2.400000000000000e+002 6.776985525577290e-004
2.410000000000000e+002 6.280684554276377e-004
2.420000000000000e+002 5.949209096763985e-004
2.430000000000000e+002 5.697657337539014e-004
2.440000000000000e+002 5.511332760425470e-004
2.450000000000000e+002 5.426851320825513e-004
2.460000000000000e+002 5.459147046312441e-004
2.470000000000000e+002 5.556723196085614e-004
2.480000000000000e+002 5.705092784679949e-004
2.490000000000000e+002 5.937187502939144e-004
2.500000000000000e+002 6.211513079676487e-004
2.510000000000000e+002 6.568300706486888e-004
2.520000000000000e+002 6.961584945550557e-004
2.530000000000000e+002 7.386048617478478e-004
2.540000000000000e+002 7.835174620167690e-004
2.550000000000000e+002 8.300976965388039e-004
2.560000000000000e+002 8.773673882104546e-004
2.570000000000000e+002 9.238071443775264e-004
2.580000000000000e+002 9.662106811496330e-004
2.590000000000000e+002 1.008648570756592e-003
2.600000000000000e+002 1.046003628810466e-003
2.610000000000000e+002 1.076329604073902e-003
2.620000000000000e+002 1.097213100644456e-003
2.630000000000000e+002 1.108307775762771e-003
2.640000000000000e+002 1.107932593831475e-003
2.650000000000000e+002 1.095344155115212e-003
2.660000000000000e+002 1.070314197231112e-003
2.670000000000000e+002 1.033189214000771e-003
2.680000000000000e+002 9.849008410907508e-004
2.690000000000000e+002 9.258200957126991e-004
2.700000000000000e+002 8.604875620287643e-004
2.710000000000000e+002 7.900060912640454e-004
2.720000000000000e+002 7.165642490818450e-004
2.730000000000000e+002 6.405121190655961e-004
2.740000000000000e+002 5.680405921946299e-004
2.750000000000000e+002 4.994311937942973e-004
2.760000000000000e+002 4.358042240227211e-004
2.770000000000000e+002 3.783168523272652e-004
2.780000000000000e+002 3.276409255548973e-004
2.790000000000000e+002 2.836713387663459e-004
2.800000000000000e+002 2.453728444520823e-004
2.810000000000000e+002 2.157624652964305e-004
2.820000000000000e+002 1.925482180360530e-004
2.830000000000000e+002 1.755758835473884e-004
2.840000000000000e+002 1.633752680204931e-004
2.850000000000000e+002 1.561696380243468e-004
2.860000000000000e+002 1.525764354128467e-004
2.870000000000000e+002 1.483594693724730e-004
2.880000000000000e+002 1.523559506472797e-004
2.890000000000000e+002 1.594870579845721e-004
2.900000000000000e+002 1.697982378741467e-004
2.910000000000000e+002 1.805792109417873e-004
2.920000000000000e+002 1.969534412481551e-004
2.930000000000000e+002 2.157457720206777e-004
2.940000000000000e+002 2.367657893641456e-004
2.950000000000000e+002 2.596098414012989e-004
2.960000000000000e+002 2.836454490613445e-004
2.970000000000000e+002 3.080169139553546e-004
2.980000000000000e+002 3.316772697832955e-004
2.990000000000000e+002 3.534481232501727e-004
3.000000000000000e+002 3.721042805001489e-004
3.010000000000000e+002 3.861403011108166e-004
3.020000000000000e+002 3.955208025539425e-004
3.030000000000000e+002 3.990265026717308e-004
3.040000000000000e+002 3.966401649117496e-004
3.050000000000000e+002 3.876181482201082e-004
3.060000000000000e+002 3.727358260253521e-004
3.070000000000000e+002 3.528855122643401e-004
3.080000000000000e+002 3.290064809384910e-004
3.090000000000000e+002 3.024369333481295e-004
3.100000000000000e+002 2.745326149644705e-004
3.110000000000000e+002 2.471386721291359e-004
3.120000000000000e+002 2.203386712159867e-004
3.130000000000000e+002 1.959312028950088e-004
3.140000000000000e+002 1.749474744230813e-004
3.150000000000000e+002 1.573474449018417e-004
3.160000000000000e+002 1.433146058595121e-004
3.170000000000000e+002 1.327600643023190e-004
3.180000000000000e+002 1.253670863041892e-004
3.190000000000000e+002 1.206475116111850e-004
3.200000000000000e+002 1.180035985501619e-004
3.210000000000000e+002 1.167893444942164e-004
3.220000000000000e+002 1.163662464495638e-004
3.230000000000000e+002 1.144406686486275e-004
3.240000000000000e+002 1.142513964598154e-004
3.250000000000000e+002 1.135414955487576e-004
3.260000000000000e+002 1.111156385431016e-004
3.270000000000000e+002 1.080440299089782e-004
3.280000000000000e+002 1.041293535587058e-004
3.290000000000000e+002 9.898213456082675e-005
3.300000000000000e+002 9.278459139352815e-005
3.310000000000000e+002 8.544221115619533e-005
3.320000000000000e+002 7.793274872949012e-005
3.330000000000000e+002 7.003170662705096e-005
3.340000000000000e+002 6.198987377345133e-005
3.350000000000000e+002 5.403703829544019e-005
3.360000000000000e+002 4.637399773079159e-005
3.370000000000000e+002 3.916668772084613e-005
3.380000000000000e+002 3.254251451187675e-005
3.390000000000000e+002 2.658895839592369e-005
3.400000000000000e+002 2.135444136297703e-005
3.410000000000000e+002 1.685131724674745e-005
3.420000000000000e+002 1.306067061619574e-005
3.430000000000000e+002 9.611337316891558e-006
3.440000000000000e+002 7.216969238057711e-006
3.450000000000000e+002 4.977425615378769e-006
3.460000000000000e+002 3.622486874807055e-006
3.470000000000000e+002 2.580648118891897e-006
3.480000000000000e+002 1.737669886506484e-006
3.490000000000000e+002 1.189437142478679e-006
3.500000000000000e+002 7.967251558407233e-007
3.510000000000000e+002 5.222378877766058e-007
3.520000000000000e+002 0.000000000000000e+000
3.530000000000000e+002 0.000000000000000e+000
3.540000000000000e+002 0.000000000000000e+000
