-3.530000000000000e+002 0.000000000000000e+000
-3.520000000000000e+002 0.000000000000000e+000
-3.510000000000000e+002 0.000000000000000e+000
-3.500000000000000e+002 0.000000000000000e+000
-3.490000000000000e+002 0.000000000000000e+000
-3.480000000000000e+002 0.000000000000000e+000
-3.470000000000000e+002 0.000000000000000e+000
-3.460000000000000e+002 0.000000000000000e+000
-3.450000000000000e+002 0.000000000000000e+000
-3.440000000000000e+002 0.000000000000000e+000
-3.430000000000000e+002 0.000000000000000e+000
-3.420000000000000e+002 0.000000000000000e+000
-3.410000000000000e+002 0.000000000000000e+000
-3.400000000000000e+002 0.000000000000000e+000
-3.390000000000000e+002 0.000000000000000e+000
-3.380000000000000e+002 0.000000000000000e+000
-3.370000000000000e+002 0.000000000000000e+000
-3.360000000000000e+002 0.000000000000000e+000
-3.350000000000000e+002 0.000000000000000e+000
-3.340000000000000e+002 0.000000000000000e+000
-3.330000000000000e+002 0.000000000000000e+000
-3.320000000000000e+002 0.000000000000000e+000
-3.310000000000000e+002 0.000000000000000e+000
-3.300000000000000e+002 0.000000000000000e+000
-3.290000000000000e+002 0.000000000000000e+000
-3.280000000000000e+002 0.000000000000000e+000
-3.270000000000000e+002 0.000000000000000e+000
-3.260000000000000e+002 0.000000000000000e+000
-3.250000000000000e+002 0.000000000000000e+000
-3.240000000000000e+002 0.000000000000000e+000
-3.230000000000000e+002 0.000000000000000e+000
-3.220000000000000e+002 0.000000000000000e+000
-3.210000000000000e+002 0.000000000000000e+000
-3.200000000000000e+002 0.000000000000000e+000
-3.190000000000000e+002 0.000000000000000e+000
-3.180000000000000e+002 0.000000000000000e+000
-3.170000000000000e+002 0.000000000000000e+000
-3.160000000000000e+002 0.000000000000000e+000
-3.150000000000000e+002 0.000000000000000e+000
-3.140000000000000e+002 0.000000000000000e+000
-3.130000000000000e+002 0.000000000000000e+000
-3.120000000000000e+002 0.000000000000000e+000
-3.110000000000000e+002 0.000000000000000e+000
-3.100000000000000e+002 0.000000000000000e+000
-3.090000000000000e+002 0.000000000000000e+000
-3.080000000000000e+002 0.000000000000000e+000
-3.070000000000000e+002 0.000000000000000e+000
-3.060000000000000e+002 0.000000000000000e+000
-3.050000000000000e+002 0.000000000000000e+000
-3.040000000000000e+002 0.000000000000000e+000
-3.030000000000000e+002 0.000000000000000e+000
-3.020000000000000e+002 0.000000000000000e+000
-3.010000000000000e+002 0.000000000000000e+000
-3.000000000000000e+002 0.000000000000000e+000
-2.990000000000000e+002 0.000000000000000e+000
-2.980000000000000e+002 0.000000000000000e+000
-2.970000000000000e+002 0.000000000000000e+000
-2.960000000000000e+002 0.000000000000000e+000
-2.950000000000000e+002 0.000000000000000e+000
-2.940000000000000e+002 0.000000000000000e+000
-2.930000000000000e+002 0.000000000000000e+000
-2.920000000000000e+002 0.000000000000000e+000
-2.910000000000000e+002 0.000000000000000e+000
-2.900000000000000e+002 0.000000000000000e+000
-2.890000000000000e+002 0.000000000000000e+000
-2.880000000000000e+002 0.000000000000000e+000
-2.870000000000000e+002 0.000000000000000e+000
-2.860000000000000e+002 0.000000000000000e+000
-2.850000000000000e+002 0.000000000000000e+000
-2.840000000000000e+002 0.000000000000000e+000
-2.830000000000000e+002 0.000000000000000e+000
-2.820000000000000e+002 0.000000000000000e+000
-2.810000000000000e+002 0.000000000000000e+000
-2.800000000000000e+002 0.000000000000000e+000
-2.790000000000000e+002 0.000000000000000e+000
-2.780000000000000e+002 0.000000000000000e+000
-2.770000000000000e+002 0.000000000000000e+000
-2.760000000000000e+002 0.000000000000000e+000
-2.750000000000000e+002 0.000000000000000e+000
-2.740000000000000e+002 0.000000000000000e+000
-2.730000000000000e+002 0.000000000000000e+000
-2.720000000000000e+002 0.000000000000000e+000
-2.710000000000000e+002 0.000000000000000e+000
-2.700000000000000e+002 0.000000000000000e+000
-2.690000000000000e+002 0.000000000000000e+000
-2.680000000000000e+002 0.000000000000000e+000
-2.670000000000000e+002 0.000000000000000e+000
-2.660000000000000e+002 0.000000000000000e+000
-2.650000000000000e+002 0.000000000000000e+000
-2.640000000000000e+002 0.000000000000000e+000
-2.630000000000000e+002 0.000000000000000e+000
-2.620000000000000e+002 0.000000000000000e+000
-2.610000000000000e+002 0.000000000000000e+000
-2.600000000000000e+002 0.000000000000000e+000
-2.590000000000000e+002 0.000000000000000e+000
-2.580000000000000e+002 0.000000000000000e+000
-2.570000000000000e+002 0.000000000000000e+000
-2.560000000000000e+002 0.000000000000000e+000
-2.550000000000000e+002 0.000000000000000e+000
-2.540000000000000e+002 0.000000000000000e+000
-2.530000000000000e+002 0.000000000000000e+000
-2.520000000000000e+002 0.000000000000000e+000
-2.510000000000000e+002 0.000000000000000e+000
-2.500000000000000e+002 0.000000000000000e+000
-2.490000000000000e+002 0.000000000000000e+000
-2.480000000000000e+002 0.000000000000000e+000
-2.470000000000000e+002 0.000000000000000e+000
-2.460000000000000e+002 0.000000000000000e+000
-2.450000000000000e+002 0.000000000000000e+000
-2.440000000000000e+002 0.000000000000000e+000
-2.430000000000000e+002 0.000000000000000e+000
-2.420000000000000e+002 0.000000000000000e+000
-2.410000000000000e+002 0.000000000000000e+000
-2.400000000000000e+002 0.000000000000000e+000
-2.390000000000000e+002 0.000000000000000e+000
-2.380000000000000e+002 0.000000000000000e+000
-2.370000000000000e+002 0.000000000000000e+000
-2.360000000000000e+002 0.000000000000000e+000
-2.350000000000000e+002 0.000000000000000e+000
-2.340000000000000e+002 0.000000000000000e+000
-2.330000000000000e+002 0.000000000000000e+000
-2.320000000000000e+002 0.000000000000000e+000
-2.310000000000000e+002 0.000000000000000e+000
-2.300000000000000e+002 0.000000000000000e+000
-2.290000000000000e+002 0.000000000000000e+000
-2.280000000000000e+002 0.000000000000000e+000
-2.270000000000000e+002 0.000000000000000e+000
-2.260000000000000e+002 0.000000000000000e+000
-2.250000000000000e+002 0.000000000000000e+000
-2.240000000000000e+002 0.000000000000000e+000
-2.230000000000000e+002 5.312169106371742e-004
-2.220000000000000e+002 2.364077706594928e-003
-2.210000000000000e+002 6.938096916401207e-003
-2.200000000000000e+002 1.698095036442290e-002
-2.190000000000000e+002 3.676971816168947e-002
-2.180000000000000e+002 7.076169859953180e-002
-2.170000000000000e+002 1.225446203935867e-001
-2.160000000000000e+002 1.967880606845634e-001
-2.150000000000000e+002 3.031991627263472e-001
-2.140000000000000e+002 4.492854980365539e-001
-2.130000000000000e+002 6.478184132295285e-001
-2.120000000000000e+002 9.079382243858345e-001
-2.110000000000000e+002 1.243648911430254e+000
-2.100000000000000e+002 1.670399357854894e+000
-2.090000000000000e+002 2.201146280801969e+000
-2.080000000000000e+002 2.846937865937768e+000
-2.070000000000000e+002 3.614845040104887e+000
-2.060000000000000e+002 4.515070685844333e+000
-2.050000000000000e+002 5.548181901352272e+000
-2.040000000000000e+002 6.710501499661996e+000
-2.030000000000000e+002 7.991996479570698e+000
-2.020000000000000e+002 9.384529171188456e+000
-2.010000000000000e+002 1.086925596812001e+001
-2.000000000000000e+002 1.243146521696372e+001
-1.990000000000000e+002 1.404599313344296e+001
-1.980000000000000e+002 1.568953955682235e+001
-1.970000000000000e+002 1.735018866402868e+001
-1.960000000000000e+002 1.900939488128658e+001
-1.950000000000000e+002 2.067288536936195e+001
-1.940000000000000e+002 2.234508488952773e+001
-1.930000000000000e+002 2.403025983445461e+001
-1.920000000000000e+002 2.575644797634656e+001
-1.910000000000000e+002 2.754642839133117e+001
-1.900000000000000e+002 2.942115242677157e+001
-1.890000000000000e+002 3.141978801060693e+001
-1.880000000000000e+002 3.356597963156082e+001
-1.870000000000000e+002 3.589629257500352e+001
-1.860000000000000e+002 3.841175628520251e+001
-1.850000000000000e+002 4.115511717040663e+001
-1.840000000000000e+002 4.412449369144483e+001
-1.830000000000000e+002 4.731430844345302e+001
-1.820000000000000e+002 5.072536335960195e+001
-1.810000000000000e+002 5.435141989456080e+001
-1.800000000000000e+002 5.816171758565766e+001
-1.790000000000000e+002 6.219425064978584e+001
-1.780000000000000e+002 6.644240256992440e+001
-1.770000000000000e+002 7.093335880154474e+001
-1.760000000000000e+002 7.572001921664162e+001
-1.750000000000000e+002 8.083170702554061e+001
-1.740000000000000e+002 8.633509557077502e+001
-1.730000000000000e+002 9.225706517559237e+001
-1.720000000000000e+002 9.863456593068135e+001
-1.710000000000000e+002 1.054899516451126e+002
-1.700000000000000e+002 1.128016598117391e+002
-1.690000000000000e+002 1.205329828098626e+002
-1.680000000000000e+002 1.285977412343478e+002
-1.670000000000000e+002 1.368760580028355e+002
-1.660000000000000e+002 1.452417746923517e+002
-1.650000000000000e+002 1.535168834161073e+002
-1.640000000000000e+002 1.615283665750105e+002
-1.630000000000000e+002 1.690817216457395e+002
-1.620000000000000e+002 1.760235197971682e+002
-1.610000000000000e+002 1.822005489540019e+002
-1.600000000000000e+002 1.874908619937636e+002
-1.590000000000000e+002 1.918095310136415e+002
-1.580000000000000e+002 1.951266580300075e+002
-1.570000000000000e+002 1.974350950182038e+002
-1.560000000000000e+002 1.987678656434247e+002
-1.550000000000000e+002 1.991888946153347e+002
-1.540000000000000e+002 1.987755957860505e+002
-1.530000000000000e+002 1.976512312975646e+002
-1.520000000000000e+002 1.959160798931352e+002
-1.510000000000000e+002 1.936821664132784e+002
-1.500000000000000e+002 1.910590304954839e+002
-1.490000000000000e+002 1.881548881089407e+002
-1.480000000000000e+002 1.850562615277494e+002
-1.470000000000000e+002 1.818496436049027e+002
-1.460000000000000e+002 1.785853300543308e+002
-1.450000000000000e+002 1.753495672423706e+002
-1.440000000000000e+002 1.721597641691657e+002
-1.430000000000000e+002 1.690568453286250e+002
-1.420000000000000e+002 1.660865298717413e+002
-1.410000000000000e+002 1.632636738097511e+002
-1.400000000000000e+002 1.606038172988037e+002
-1.390000000000000e+002 1.581355684239831e+002
-1.380000000000000e+002 1.558341733949234e+002
-1.370000000000000e+002 1.537137669890188e+002
-1.360000000000000e+002 1.517632061011281e+002
-1.350000000000000e+002 1.499524185057204e+002
-1.340000000000000e+002 1.482742420869134e+002
-1.330000000000000e+002 1.466674595909261e+002
-1.320000000000000e+002 1.451378856614416e+002
-1.310000000000000e+002 1.436574150867555e+002
-1.300000000000000e+002 1.421827093718592e+002
-1.290000000000000e+002 1.407149235421339e+002
-1.280000000000000e+002 1.392167714727172e+002
-1.270000000000000e+002 1.376702940680282e+002
-1.260000000000000e+002 1.361053574374143e+002
-1.250000000000000e+002 1.344955624879908e+002
-1.240000000000000e+002 1.328397797774034e+002
-1.230000000000000e+002 1.311668958419021e+002
-1.220000000000000e+002 1.294904220525457e+002
-1.210000000000000e+002 1.277875422489023e+002
-1.200000000000000e+002 1.260827589149382e+002
-1.190000000000000e+002 1.243744039676029e+002
-1.180000000000000e+002 1.226420396421071e+002
-1.170000000000000e+002 1.208687699380423e+002
-1.160000000000000e+002 1.190475089375693e+002
-1.150000000000000e+002 1.171446955291484e+002
-1.140000000000000e+002 1.151719592108145e+002
-1.130000000000000e+002 1.130985681378412e+002
-1.120000000000000e+002 1.109145198153943e+002
-1.110000000000000e+002 1.086453818824738e+002
-1.100000000000000e+002 1.063018694757863e+002
-1.090000000000000e+002 1.039106148474292e+002
-1.080000000000000e+002 1.015180418941420e+002
-1.070000000000000e+002 9.916606885995162e+001
-1.060000000000000e+002 9.691318001203567e+001
-1.050000000000000e+002 9.482702981911584e+001
-1.040000000000000e+002 9.294315241848730e+001
-1.030000000000000e+002 9.132717919607526e+001
-1.020000000000000e+002 9.003132102946689e+001
-1.010000000000000e+002 8.906030833855431e+001
-1.000000000000000e+002 8.841337778101777e+001
-9.900000000000000e+001 8.808944788055928e+001
-9.800000000000000e+001 8.804673760384408e+001
-9.700000000000000e+001 8.822185019458185e+001
-9.600000000000000e+001 8.853316227658085e+001
-9.500000000000000e+001 8.891052647461024e+001
-9.400000000000000e+001 8.925301826251923e+001
-9.300000000000000e+001 8.948162731784183e+001
-9.200000000000000e+001 8.951362337809660e+001
-9.100000000000000e+001 8.926325415620282e+001
-9.000000000000000e+001 8.867331297333610e+001
-8.900000000000000e+001 8.771039949587652e+001
-8.800000000000000e+001 8.635947989006110e+001
-8.700000000000000e+001 8.464838391252337e+001
-8.600000000000000e+001 8.261513933243263e+001
-8.500000000000000e+001 8.027087481764499e+001
-8.400000000000000e+001 7.768806468228705e+001
-8.300000000000000e+001 7.495635917046539e+001
-8.200000000000000e+001 7.211392437464730e+001
-8.100000000000000e+001 6.923168976890283e+001
-8.000000000000000e+001 6.637079842645957e+001
-7.900000000000000e+001 6.356874652717651e+001
-7.800000000000000e+001 6.086564090186613e+001
-7.700000000000000e+001 5.829315148353259e+001
-7.600000000000000e+001 5.585381440464765e+001
-7.500000000000000e+001 5.355483835430660e+001
-7.400000000000000e+001 5.140827574596946e+001
-7.300000000000000e+001 4.938462235003060e+001
-7.200000000000000e+001 4.749739687436806e+001
-7.100000000000000e+001 4.572822144861206e+001
-7.000000000000000e+001 4.406830060657989e+001
-6.900000000000000e+001 4.250062816420031e+001
-6.800000000000000e+001 4.101311773864688e+001
-6.700000000000000e+001 3.957841113580830e+001
-6.600000000000000e+001 3.818275693970060e+001
-6.500000000000000e+001 3.680320545610809e+001
-6.400000000000000e+001 3.541952793699591e+001
-6.300000000000000e+001 3.401898032852066e+001
-6.200000000000000e+001 3.257330961430178e+001
-6.100000000000000e+001 3.106980847591703e+001
-6.000000000000000e+001 2.950449972415842e+001
-5.900000000000000e+001 2.787803966217806e+001
-5.800000000000000e+001 2.617677098625952e+001
-5.700000000000000e+001 2.441427365819897e+001
-5.600000000000000e+001 2.260517832392863e+001
-5.500000000000000e+001 2.078072353069888e+001
-5.400000000000000e+001 1.894283633816454e+001
-5.300000000000000e+001 1.713074340412910e+001
-5.200000000000000e+001 1.535981828861872e+001
-5.100000000000000e+001 1.366343646676495e+001
-5.000000000000000e+001 1.205861697948728e+001
-4.900000000000000e+001 1.056436169710350e+001
-4.800000000000000e+001 9.207125693459774e+000
-4.700000000000000e+001 7.982367961878381e+000
-4.600000000000000e+001 6.894386578679875e+000
-4.500000000000000e+001 5.944749474520841e+000
-4.400000000000000e+001 5.131920793193986e+000
-4.300000000000000e+001 4.447558278411822e+000
-4.200000000000000e+001 3.867011053641918e+000
-4.100000000000000e+001 3.382998871164184e+000
-4.000000000000000e+001 2.985357324110320e+000
-3.900000000000000e+001 2.661772455826658e+000
-3.800000000000000e+001 2.392386011424382e+000
-3.700000000000000e+001 2.173868878164202e+000
-3.600000000000000e+001 1.996196821632690e+000
-3.500000000000000e+001 1.855116338828341e+000
-3.400000000000000e+001 1.738117417700217e+000
-3.300000000000000e+001 1.637974636903395e+000
-3.200000000000000e+001 1.556562046249233e+000
-3.100000000000000e+001 1.488653682539447e+000
-3.000000000000000e+001 1.430383344543110e+000
-2.900000000000000e+001 1.377771324328878e+000
-2.800000000000000e+001 1.329297512223958e+000
-2.700000000000000e+001 1.284520488318699e+000
-2.600000000000000e+001 1.241990755624127e+000
-2.500000000000000e+001 1.200221453135013e+000
-2.400000000000000e+001 1.159921882580812e+000
-2.300000000000000e+001 1.119585040752815e+000
-2.200000000000000e+001 1.079307431531207e+000
-2.100000000000000e+001 1.039178242672411e+000
-2.000000000000000e+001 3.642373426121898e+000
-1.900000000000000e+001 4.992471253778244e+000
-1.800000000000000e+001 6.942131840714147e+000
-1.700000000000000e+001 9.683660469447009e+000
-1.600000000000000e+001 1.343291603134196e+001
-1.500000000000000e+001 1.842648824153333e+001
-1.400000000000000e+001 2.490065329874813e+001
-1.300000000000000e+001 3.307048450195735e+001
-1.200000000000000e+001 4.310087860825266e+001
-1.100000000000000e+001 5.507412794686628e+001
-1.000000000000000e+001 6.895317212884190e+001
-9.000000000000000e+000 8.455402589706310e+001
-8.000000000000000e+000 1.015247479719288e+002
-7.000000000000000e+000 1.193422184509166e+002
-6.000000000000000e+000 1.373269648566112e+002
-5.000000000000000e+000 1.546767813766114e+002
-4.000000000000000e+000 1.705224285470876e+002
-3.000000000000000e+000 1.839983494290865e+002
-2.000000000000000e+000 1.943202157662878e+002
-1.000000000000000e+000 2.008599424728608e+002
0.000000000000000e+000 2.032102367136267e+002
1.000000000000000e+000 2.012258631018658e+002
2.000000000000000e+000 1.950395661991033e+002
3.000000000000000e+000 1.850479074352870e+002
4.000000000000000e+000 1.718686773365955e+002
5.000000000000000e+000 1.562790449101351e+002
6.000000000000000e+000 1.391395272340366e+002
7.000000000000000e+000 1.213165180160992e+002
8.000000000000000e+000 1.036123132062505e+002
9.000000000000000e+000 8.670957290370427e+001
1.000000000000000e+001 7.113507481448519e+001
1.100000000000000e+001 5.724503402435042e+001
1.200000000000000e+001 4.522942334551301e+001
1.300000000000000e+001 3.513045423343380e+001
1.400000000000000e+001 2.687284598269169e+001
1.500000000000000e+001 2.029588726974991e+001
1.600000000000000e+001 1.518735035678711e+001
1.700000000000000e+001 1.131350796009001e+001
1.800000000000000e+001 8.441184675085522e+000
1.900000000000000e+001 6.355071907433284e+000
2.000000000000000e+001 4.867415655094780e+000
2.100000000000000e+001 2.126612027294847e+000
2.200000000000000e+001 2.030466378889924e+000
2.300000000000000e+001 1.935653704719404e+000
2.400000000000000e+001 1.841664183190657e+000
2.500000000000000e+001 1.751250753827609e+000
2.600000000000000e+001 1.663862462600893e+000
2.700000000000000e+001 1.581455683143361e+000
2.800000000000000e+001 1.505027277811939e+000
2.900000000000000e+001 1.433823081211409e+000
3.000000000000000e+001 1.366580521380142e+000
3.100000000000000e+001 1.303693671761963e+000
3.200000000000000e+001 1.244993744130101e+000
3.300000000000000e+001 1.190770413883207e+000
3.400000000000000e+001 1.140395805743823e+000
3.500000000000000e+001 1.093516818640532e+000
3.600000000000000e+001 1.049518291434346e+000
3.700000000000000e+001 1.008407584222850e+000
3.800000000000000e+001 9.693727072444106e-001
3.900000000000000e+001 9.320667861259517e-001
4.000000000000000e+001 8.963253715717193e-001
4.100000000000000e+001 8.615585308837301e-001
4.200000000000000e+001 8.277033000144928e-001
4.300000000000000e+001 7.946494921811138e-001
4.400000000000000e+001 7.621933960103939e-001
4.500000000000000e+001 7.307416026021271e-001
4.600000000000000e+001 7.003027133961547e-001
4.700000000000000e+001 6.708367370798872e-001
4.800000000000000e+001 6.426528663842839e-001
4.900000000000000e+001 6.157661173985931e-001
5.000000000000000e+001 5.904447805203521e-001
5.100000000000000e+001 5.668207843600350e-001
5.200000000000000e+001 5.453602415022027e-001
5.300000000000000e+001 5.256617837214332e-001
5.400000000000000e+001 5.081301210612764e-001
5.500000000000000e+001 4.924082192657512e-001
5.600000000000000e+001 4.787331275121436e-001
5.700000000000000e+001 4.670655012280401e-001
5.800000000000000e+001 4.570319911159158e-001
5.900000000000000e+001 4.484240544982235e-001
6.000000000000000e+001 4.411213985175093e-001
6.100000000000000e+001 4.348675693995142e-001
6.200000000000000e+001 4.291988516606382e-001
6.300000000000000e+001 4.242328216612608e-001
6.400000000000000e+001 4.195698699400240e-001
6.500000000000000e+001 4.147933883743474e-001
6.600000000000000e+001 4.097735739627865e-001
6.700000000000000e+001 4.045859872263570e-001
6.800000000000000e+001 3.989066641877004e-001
6.900000000000000e+001 3.926629856508638e-001
7.000000000000000e+001 3.860915653271242e-001
7.100000000000000e+001 3.789664515916036e-001
7.200000000000000e+001 3.713720764898646e-001
7.300000000000000e+001 3.636046869707754e-001
7.400000000000000e+001 3.555498972085353e-001
7.500000000000000e+001 3.475196032064958e-001
7.600000000000000e+001 3.394107651675653e-001
7.700000000000000e+001 3.314060977507550e-001
7.800000000000000e+001 3.234877691413889e-001
7.900000000000000e+001 3.158504229378923e-001
8.000000000000000e+001 3.083933155832704e-001
8.100000000000000e+001 3.010222523354713e-001
8.200000000000000e+001 2.939592162048499e-001
8.300000000000000e+001 2.871558789948791e-001
8.400000000000000e+001 2.804588895798853e-001
8.500000000000000e+001 2.736772696747369e-001
8.600000000000000e+001 2.670040621900220e-001
8.700000000000000e+001 2.604855044464987e-001
8.800000000000000e+001 2.542335711310631e-001
8.900000000000000e+001 2.481514958048180e-001
9.000000000000000e+001 2.421980961119863e-001
9.100000000000000e+001 2.363466977163692e-001
9.200000000000000e+001 2.306914459493068e-001
9.300000000000000e+001 2.252162123929113e-001
9.400000000000000e+001 2.200234399589517e-001
9.500000000000000e+001 2.149664879140414e-001
9.600000000000000e+001 2.101327070726658e-001
9.700000000000000e+001 2.055929904970309e-001
9.800000000000000e+001 2.012219625631012e-001
9.900000000000000e+001 1.971540574493894e-001
1.000000000000000e+002 1.933264394607740e-001
1.010000000000000e+002 1.897868492970617e-001
1.020000000000000e+002 1.862792356671269e-001
1.030000000000000e+002 1.830539930848764e-001
1.040000000000000e+002 1.800222882066313e-001
1.050000000000000e+002 1.771042333895140e-001
1.060000000000000e+002 1.742852800998696e-001
1.070000000000000e+002 1.714561770341262e-001
1.080000000000000e+002 1.686342401075624e-001
1.090000000000000e+002 1.658110305087775e-001
1.100000000000000e+002 1.628935820740935e-001
1.110000000000000e+002 1.597406552875527e-001
1.120000000000000e+002 1.565286370880450e-001
1.130000000000000e+002 1.531149845857954e-001
1.140000000000000e+002 1.494953624388733e-001
1.150000000000000e+002 1.457595193694813e-001
1.160000000000000e+002 1.418294259389717e-001
1.170000000000000e+002 1.377630292087803e-001
1.180000000000000e+002 1.336486045625084e-001
1.190000000000000e+002 1.294811971677441e-001
1.200000000000000e+002 1.253105553986627e-001
1.210000000000000e+002 1.212897477962345e-001
1.220000000000000e+002 1.173781390027738e-001
1.230000000000000e+002 1.136469488765878e-001
1.240000000000000e+002 1.100817197584809e-001
1.250000000000000e+002 1.068723013455182e-001
1.260000000000000e+002 1.039305055574037e-001
1.270000000000000e+002 1.012271257043898e-001
1.280000000000000e+002 9.869622304788482e-002
1.290000000000000e+002 9.641948071780204e-002
1.300000000000000e+002 9.430802025214811e-002
1.310000000000000e+002 9.240710076397624e-002
1.320000000000000e+002 9.061518680335451e-002
1.330000000000000e+002 8.884602510133846e-002
1.340000000000000e+002 8.713899614945531e-002
1.350000000000000e+002 8.532540205885518e-002
1.360000000000000e+002 8.358068085182467e-002
1.370000000000000e+002 8.174451871793371e-002
1.380000000000000e+002 7.983334620812023e-002
1.390000000000000e+002 7.794499719753885e-002
1.400000000000000e+002 7.596475375751420e-002
1.410000000000000e+002 7.400739360820698e-002
1.420000000000000e+002 7.204495387293322e-002
1.430000000000000e+002 7.016361500250569e-002
1.440000000000000e+002 6.830900825529912e-002
1.450000000000000e+002 6.648807288553436e-002
1.460000000000000e+002 6.470421034367792e-002
1.470000000000000e+002 6.297368617583284e-002
1.480000000000000e+002 6.129355247157658e-002
1.490000000000000e+002 5.960735936283010e-002
1.500000000000000e+002 5.790326277586755e-002
1.510000000000000e+002 5.616781089299024e-002
1.520000000000000e+002 5.449066411862630e-002
1.530000000000000e+002 5.274875739881742e-002
1.540000000000000e+002 5.103220023950695e-002
1.550000000000000e+002 4.929492251131387e-002
1.560000000000000e+002 4.758258655032663e-002
1.570000000000000e+002 4.588726824902807e-002
1.580000000000000e+002 4.430576157963038e-002
1.590000000000000e+002 4.280461887711155e-002
1.600000000000000e+002 4.138552070831778e-002
1.610000000000000e+002 4.008630244986497e-002
1.620000000000000e+002 3.892764180343461e-002
1.630000000000000e+002 3.787711528233407e-002
1.640000000000000e+002 3.692019465808899e-002
1.650000000000000e+002 3.605543165288388e-002
1.660000000000000e+002 3.520817783390375e-002
1.670000000000000e+002 3.439383643410471e-002
1.680000000000000e+002 3.356833375952983e-002
1.690000000000000e+002 3.275090185298445e-002
1.700000000000000e+002 3.184840738489414e-002
1.710000000000000e+002 3.088951581202189e-002
1.720000000000000e+002 2.985700628504358e-002
1.730000000000000e+002 2.873622160024035e-002
1.740000000000000e+002 2.759368643827329e-002
1.750000000000000e+002 2.639070583318182e-002
1.760000000000000e+002 2.517877078707427e-002
1.770000000000000e+002 2.396369360899613e-002
1.780000000000000e+002 2.278127936723406e-002
1.790000000000000e+002 2.165255446141090e-002
1.800000000000000e+002 2.055903982313818e-002
1.810000000000000e+002 1.955255482140716e-002
1.820000000000000e+002 1.861702411036059e-002
1.830000000000000e+002 1.777417524640060e-002
1.840000000000000e+002 1.700147651132050e-002
1.850000000000000e+002 1.629163932934731e-002
1.860000000000000e+002 1.565089567951251e-002
1.870000000000000e+002 1.505961827734297e-002
1.880000000000000e+002 1.450401396204768e-002
1.890000000000000e+002 1.398221945592115e-002
1.900000000000000e+002 1.348710949723071e-002
1.910000000000000e+002 1.301895761468952e-002
1.920000000000000e+002 1.256077532427513e-002
1.930000000000000e+002 1.209280508582408e-002
1.940000000000000e+002 1.164533682827797e-002
1.950000000000000e+002 1.120568099192174e-002
1.960000000000000e+002 1.078743430965058e-002
1.970000000000000e+002 1.035861614544939e-002
1.980000000000000e+002 9.934234978013984e-003
1.990000000000000e+002 9.509146861629200e-003
2.000000000000000e+002 9.072874621578620e-003
2.010000000000000e+002 8.640074248585115e-003
2.020000000000000e+002 8.204170153894580e-003
2.030000000000000e+002 7.767759827158400e-003
2.040000000000000e+002 7.344203928141617e-003
2.050000000000000e+002 6.938571068328303e-003
2.060000000000000e+002 6.542908860110341e-003
2.070000000000000e+002 6.179142204728578e-003
2.080000000000000e+002 5.842313587449353e-003
2.090000000000000e+002 5.546172684608037e-003
2.100000000000000e+002 5.280436847577044e-003
2.110000000000000e+002 5.077272792487628e-003
2.120000000000000e+002 4.915081545715979e-003
2.130000000000000e+002 4.789632039144938e-003
2.140000000000000e+002 4.708617676407624e-003
2.150000000000000e+002 4.659104404650551e-003
2.160000000000000e+002 4.638318445453718e-003
2.170000000000000e+002 4.630613513096239e-003
2.180000000000000e+002 4.623887249434968e-003
2.190000000000000e+002 4.619440748479416e-003
2.200000000000000e+002 4.595843343267782e-003
2.210000000000000e+002 4.568551702719555e-003
2.220000000000000e+002 4.514119166850072e-003
2.230000000000000e+002 4.435109583698213e-003
2.240000000000000e+002 4.315494242224376e-003
2.250000000000000e+002 4.188076219558382e-003
2.260000000000000e+002 4.032713923775541e-003
2.270000000000000e+002 3.846902586303259e-003
2.280000000000000e+002 3.646694041144838e-003
2.290000000000000e+002 3.434591521326890e-003
2.300000000000000e+002 3.213361421976154e-003
2.310000000000000e+002 2.995810423819716e-003
2.320000000000000e+002 2.777943704527938e-003
2.330000000000000e+002 2.566762041993544e-003
2.340000000000000e+002 2.370250478075393e-003
2.350000000000000e+002 2.188733004643383e-003
2.360000000000000e+002 2.020120838098622e-003
2.370000000000000e+002 1.866276339607141e-003
2.380000000000000e+002 1.731900524659988e-003
2.390000000000000e+002 1.614656661922723e-003
2.400000000000000e+002 1.508491982354843e-003
2.410000000000000e+002 1.418332276660319e-003
2.420000000000000e+002 1.335921875913964e-003
2.430000000000000e+002 1.265396370181060e-003
2.440000000000000e+002 1.202388038009943e-003
2.450000000000000e+002 1.149941962132703e-003
2.460000000000000e+002 1.106757009456337e-003
2.470000000000000e+002 1.069347510551355e-003
2.480000000000000e+002 1.034580935072792e-003
2.490000000000000e+002 9.995080678693871e-004
2.500000000000000e+002 9.671821331477713e-004
2.510000000000000e+002 9.374259946525029e-004
2.520000000000000e+002 9.064392022982816e-004
2.530000000000000e+002 8.745785273983454e-004
2.540000000000000e+002 8.405982263648488e-004
2.550000000000000e+002 8.088964025322300e-004
2.560000000000000e+002 7.741912538868131e-004
2.570000000000000e+002 7.395370881285478e-004
2.580000000000000e+002 7.051892021156220e-004
2.590000000000000e+002 6.729443783590294e-004
2.600000000000000e+002 6.390853613128053e-004
2.610000000000000e+002 6.073536180464352e-004
2.620000000000000e+002 5.755645222801602e-004
2.630000000000000e+002 5.461494599801888e-004
2.640000000000000e+002 5.167497260566162e-004
2.650000000000000e+002 4.874901264532995e-004
2.660000000000000e+002 4.579202573972946e-004
2.670000000000000e+002 4.302142716824137e-004
2.680000000000000e+002 4.063163275702113e-004
2.690000000000000e+002 3.839681819842755e-004
2.700000000000000e+002 3.645981408101053e-004
2.710000000000000e+002 3.482775046034828e-004
2.720000000000000e+002 3.339149478797062e-004
2.730000000000000e+002 3.259483318626737e-004
2.740000000000000e+002 3.216883096260613e-004
2.750000000000000e+002 3.207085839604803e-004
2.760000000000000e+002 3.233796399158533e-004
2.770000000000000e+002 3.268871946159271e-004
2.780000000000000e+002 3.338496848328583e-004
2.790000000000000e+002 3.415018724178941e-004
2.800000000000000e+002 3.479169792876359e-004
2.810000000000000e+002 3.532857962192182e-004
2.820000000000000e+002 3.550709367718748e-004
2.830000000000000e+002 3.541524793556515e-004
2.840000000000000e+002 3.484913951792243e-004
2.850000000000000e+002 3.396256650908818e-004
2.860000000000000e+002 3.267778642670783e-004
2.870000000000000e+002 3.086998451703468e-004
2.880000000000000e+002 2.910932337644382e-004
2.890000000000000e+002 2.715301903780459e-004
2.900000000000000e+002 2.514923288204175e-004
2.910000000000000e+002 2.363773538034284e-004
2.920000000000000e+002 2.208386355086966e-004
2.930000000000000e+002 2.086616423016314e-004
2.940000000000000e+002 2.006857502849503e-004
2.950000000000000e+002 1.975241387953511e-004
2.960000000000000e+002 1.988880987027478e-004
2.970000000000000e+002 2.064575087925127e-004
2.980000000000000e+002 2.191110910034329e-004
2.990000000000000e+002 2.364966924494972e-004
3.000000000000000e+002 2.580138964355753e-004
3.010000000000000e+002 2.828264842872834e-004
3.020000000000000e+002 3.098194474778380e-004
3.030000000000000e+002 3.378985965863701e-004
3.040000000000000e+002 3.641212865950476e-004
3.050000000000000e+002 3.898575070497071e-004
3.060000000000000e+002 4.129408571688883e-004
3.070000000000000e+002 4.307805082545230e-004
3.080000000000000e+002 4.429599162752808e-004
3.090000000000000e+002 4.481401258095523e-004
3.100000000000000e+002 4.457978578532032e-004
3.110000000000000e+002 4.358127070722135e-004
3.120000000000000e+002 4.184933698355904e-004
3.130000000000000e+002 3.947393522598165e-004
3.140000000000000e+002 3.656560014142856e-004
3.150000000000000e+002 3.324651339850376e-004
3.160000000000000e+002 2.967219697797248e-004
3.170000000000000e+002 2.600157564052823e-004
3.180000000000000e+002 2.238510107229397e-004
3.190000000000000e+002 1.895458512361546e-004
3.200000000000000e+002 1.581569385250579e-004
3.210000000000000e+002 1.304360264288037e-004
3.220000000000000e+002 1.065027922984136e-004
3.230000000000000e+002 8.724157828907173e-005
3.240000000000000e+002 7.172908307514240e-005
3.250000000000000e+002 6.041053129423918e-005
3.260000000000000e+002 5.199370195086684e-005
3.270000000000000e+002 4.654262438091511e-005
3.280000000000000e+002 4.335129568152738e-005
3.290000000000000e+002 4.126313428797492e-005
3.300000000000000e+002 4.051788982543596e-005
3.310000000000000e+002 4.015376393051773e-005
3.320000000000000e+002 3.704858752641820e-005
3.330000000000000e+002 3.745202019380461e-005
3.340000000000000e+002 3.704858752641790e-005
3.350000000000000e+002 3.586417740637637e-005
3.360000000000000e+002 3.397370455674724e-005
3.370000000000000e+002 3.149326952497979e-005
3.380000000000000e+002 2.856836637465747e-005
3.390000000000000e+002 2.535980304572597e-005
3.400000000000000e+002 2.202922194360844e-005
3.410000000000000e+002 1.872601009690209e-005
3.420000000000000e+002 1.557701222058900e-005
3.430000000000000e+002 1.267990152286295e-005
3.440000000000000e+002 1.010044279547097e-005
3.450000000000000e+002 7.873317381244901e-006
3.460000000000000e+002 6.005759218526025e-006
3.470000000000000e+002 4.483022175796993e-006
3.480000000000000e+002 3.274663434164135e-006
3.490000000000000e+002 2.340751262112751e-006
3.500000000000000e+002 1.637331717082068e-006
3.510000000000000e+002 1.120755543949249e-006
3.520000000000000e+002 7.507199023157511e-007
3.530000000000000e+002 4.920823363278050e-007
3.540000000000000e+002 0.000000000000000e+000
