-3.530000000000000e+002 0.000000000000000e+000
-3.520000000000000e+002 0.000000000000000e+000
-3.510000000000000e+002 0.000000000000000e+000
-3.500000000000000e+002 0.000000000000000e+000
-3.490000000000000e+002 0.000000000000000e+000
-3.480000000000000e+002 0.000000000000000e+000
-3.470000000000000e+002 0.000000000000000e+000
-3.460000000000000e+002 0.000000000000000e+000
-3.450000000000000e+002 0.000000000000000e+000
-3.440000000000000e+002 0.000000000000000e+000
-3.430000000000000e+002 0.000000000000000e+000
-3.420000000000000e+002 0.000000000000000e+000
-3.410000000000000e+002 0.000000000000000e+000
-3.400000000000000e+002 0.000000000000000e+000
-3.390000000000000e+002 0.000000000000000e+000
-3.380000000000000e+002 0.000000000000000e+000
-3.370000000000000e+002 0.000000000000000e+000
-3.360000000000000e+002 0.000000000000000e+000
-3.350000000000000e+002 0.000000000000000e+000
-3.340000000000000e+002 0.000000000000000e+000
-3.330000000000000e+002 0.000000000000000e+000
-3.320000000000000e+002 0.000000000000000e+000
-3.310000000000000e+002 0.000000000000000e+000
-3.300000000000000e+002 0.000000000000000e+000
-3.290000000000000e+002 0.000000000000000e+000
-3.280000000000000e+002 0.000000000000000e+000
-3.270000000000000e+002 0.000000000000000e+000
-3.260000000000000e+002 0.000000000000000e+000
-3.250000000000000e+002 0.000000000000000e+000
-3.240000000000000e+002 0.000000000000000e+000
-3.230000000000000e+002 0.000000000000000e+000
-3.220000000000000e+002 0.000000000000000e+000
-3.210000000000000e+002 0.000000000000000e+000
-3.200000000000000e+002 0.000000000000000e+000
-3.190000000000000e+002 0.000000000000000e+000
-3.180000000000000e+002 0.000000000000000e+000
-3.170000000000000e+002 0.000000000000000e+000
-3.160000000000000e+002 0.000000000000000e+000
-3.150000000000000e+002 0.000000000000000e+000
-3.140000000000000e+002 0.000000000000000e+000
-3.130000000000000e+002 0.000000000000000e+000
-3.120000000000000e+002 0.000000000000000e+000
-3.110000000000000e+002 0.000000000000000e+000
-3.100000000000000e+002 0.000000000000000e+000
-3.090000000000000e+002 0.000000000000000e+000
-3.080000000000000e+002 0.000000000000000e+000
-3.070000000000000e+002 0.000000000000000e+000
-3.060000000000000e+002 0.000000000000000e+000
-3.050000000000000e+002 0.000000000000000e+000
-3.040000000000000e+002 0.000000000000000e+000
-3.030000000000000e+002 0.000000000000000e+000
-3.020000000000000e+002 0.000000000000000e+000
-3.010000000000000e+002 0.000000000000000e+000
-3.000000000000000e+002 0.000000000000000e+000
-2.990000000000000e+002 0.000000000000000e+000
-2.980000000000000e+002 0.000000000000000e+000
-2.970000000000000e+002 0.000000000000000e+000
-2.960000000000000e+002 0.000000000000000e+000
-2.950000000000000e+002 0.000000000000000e+000
-2.940000000000000e+002 0.000000000000000e+000
-2.930000000000000e+002 0.000000000000000e+000
-2.920000000000000e+002 0.000000000000000e+000
-2.910000000000000e+002 0.000000000000000e+000
-2.900000000000000e+002 0.000000000000000e+000
-2.890000000000000e+002 0.000000000000000e+000
-2.880000000000000e+002 0.000000000000000e+000
-2.870000000000000e+002 0.000000000000000e+000
-2.860000000000000e+002 0.000000000000000e+000
-2.850000000000000e+002 0.000000000000000e+000
-2.840000000000000e+002 0.000000000000000e+000
-2.830000000000000e+002 0.000000000000000e+000
-2.820000000000000e+002 0.000000000000000e+000
-2.810000000000000e+002 0.000000000000000e+000
-2.800000000000000e+002 0.000000000000000e+000
-2.790000000000000e+002 0.000000000000000e+000
-2.780000000000000e+002 0.000000000000000e+000
-2.770000000000000e+002 0.000000000000000e+000
-2.760000000000000e+002 0.000000000000000e+000
-2.750000000000000e+002 0.000000000000000e+000
-2.740000000000000e+002 0.000000000000000e+000
-2.730000000000000e+002 0.000000000000000e+000
-2.720000000000000e+002 0.000000000000000e+000
-2.710000000000000e+002 0.000000000000000e+000
-2.700000000000000e+002 0.000000000000000e+000
-2.690000000000000e+002 0.000000000000000e+000
-2.680000000000000e+002 0.000000000000000e+000
-2.670000000000000e+002 0.000000000000000e+000
-2.660000000000000e+002 0.000000000000000e+000
-2.650000000000000e+002 0.000000000000000e+000
-2.640000000000000e+002 0.000000000000000e+000
-2.630000000000000e+002 0.000000000000000e+000
-2.620000000000000e+002 0.000000000000000e+000
-2.610000000000000e+002 0.000000000000000e+000
-2.600000000000000e+002 0.000000000000000e+000
-2.590000000000000e+002 0.000000000000000e+000
-2.580000000000000e+002 0.000000000000000e+000
-2.570000000000000e+002 0.000000000000000e+000
-2.560000000000000e+002 0.000000000000000e+000
-2.550000000000000e+002 0.000000000000000e+000
-2.540000000000000e+002 0.000000000000000e+000
-2.530000000000000e+002 0.000000000000000e+000
-2.520000000000000e+002 0.000000000000000e+000
-2.510000000000000e+002 0.000000000000000e+000
-2.500000000000000e+002 0.000000000000000e+000
-2.490000000000000e+002 0.000000000000000e+000
-2.480000000000000e+002 0.000000000000000e+000
-2.470000000000000e+002 0.000000000000000e+000
-2.460000000000000e+002 0.000000000000000e+000
-2.450000000000000e+002 0.000000000000000e+000
-2.440000000000000e+002 0.000000000000000e+000
-2.430000000000000e+002 0.000000000000000e+000
-2.420000000000000e+002 0.000000000000000e+000
-2.410000000000000e+002 0.000000000000000e+000
-2.400000000000000e+002 0.000000000000000e+000
-2.390000000000000e+002 0.000000000000000e+000
-2.380000000000000e+002 0.000000000000000e+000
-2.370000000000000e+002 0.000000000000000e+000
-2.360000000000000e+002 0.000000000000000e+000
-2.350000000000000e+002 0.000000000000000e+000
-2.340000000000000e+002 0.000000000000000e+000
-2.330000000000000e+002 0.000000000000000e+000
-2.320000000000000e+002 0.000000000000000e+000
-2.310000000000000e+002 0.000000000000000e+000
-2.300000000000000e+002 0.000000000000000e+000
-2.290000000000000e+002 0.000000000000000e+000
-2.280000000000000e+002 0.000000000000000e+000
-2.270000000000000e+002 0.000000000000000e+000
-2.260000000000000e+002 0.000000000000000e+000
-2.250000000000000e+002 0.000000000000000e+000
-2.240000000000000e+002 0.000000000000000e+000
-2.230000000000000e+002 5.312169106371742e-004
-2.220000000000000e+002 2.364077706594928e-003
-2.210000000000000e+002 6.813864479015943e-003
-2.200000000000000e+002 1.674017319420829e-002
-2.190000000000000e+002 3.568566729292817e-002
-2.180000000000000e+002 6.808045933764699e-002
-2.170000000000000e+002 1.162469911170033e-001
-2.160000000000000e+002 1.858426683100728e-001
-2.150000000000000e+002 2.842009929465349e-001
-2.140000000000000e+002 4.192742990861525e-001
-2.130000000000000e+002 6.017224670016066e-001
-2.120000000000000e+002 8.399978798940106e-001
-2.110000000000000e+002 1.146933826139237e+000
-2.100000000000000e+002 1.535917248611893e+000
-2.090000000000000e+002 2.018232926803942e+000
-2.080000000000000e+002 2.602921768512303e+000
-2.070000000000000e+002 3.295787634694128e+000
-2.060000000000000e+002 4.105072569989434e+000
-2.050000000000000e+002 5.030748463432281e+000
-2.040000000000000e+002 6.068132164755726e+000
-2.030000000000000e+002 7.208257453183723e+000
-2.020000000000000e+002 8.443336752083546e+000
-2.010000000000000e+002 9.756580248604077e+000
-2.000000000000000e+002 1.113635458498394e+001
-1.990000000000000e+002 1.255933604351129e+001
-1.980000000000000e+002 1.400546509817868e+001
-1.970000000000000e+002 1.546713159759525e+001
-1.960000000000000e+002 1.692942780273690e+001
-1.950000000000000e+002 1.840110702885995e+001
-1.940000000000000e+002 1.988808568140592e+001
-1.930000000000000e+002 2.139684500636384e+001
-1.920000000000000e+002 2.295511871220961e+001
-1.910000000000000e+002 2.458591177456968e+001
-1.900000000000000e+002 2.630798065048181e+001
-1.890000000000000e+002 2.815938875903381e+001
-1.880000000000000e+002 3.016056688662935e+001
-1.870000000000000e+002 3.234477539123778e+001
-1.860000000000000e+002 3.471008297721280e+001
-1.850000000000000e+002 3.729380946739633e+001
-1.840000000000000e+002 4.009325360760234e+001
-1.830000000000000e+002 4.309830318369914e+001
-1.820000000000000e+002 4.630677477993545e+001
-1.810000000000000e+002 4.970802734492548e+001
-1.800000000000000e+002 5.327169538996607e+001
-1.790000000000000e+002 5.703414912247144e+001
-1.780000000000000e+002 6.098461906155535e+001
-1.770000000000000e+002 6.514645389345719e+001
-1.760000000000000e+002 6.957036448792330e+001
-1.750000000000000e+002 7.427522133685450e+001
-1.740000000000000e+002 7.932823444769443e+001
-1.730000000000000e+002 8.474566294287420e+001
-1.720000000000000e+002 9.056246142938447e+001
-1.710000000000000e+002 9.679655998624976e+001
-1.700000000000000e+002 1.034232103933670e+002
-1.690000000000000e+002 1.104067890709129e+002
-1.680000000000000e+002 1.176653102250573e+002
-1.670000000000000e+002 1.250862191869651e+002
-1.660000000000000e+002 1.325541658692489e+002
-1.650000000000000e+002 1.399051455559744e+002
-1.640000000000000e+002 1.469822735687246e+002
-1.630000000000000e+002 1.536092610786962e+002
-1.620000000000000e+002 1.596506025774998e+002
-1.610000000000000e+002 1.649747029025363e+002
-1.600000000000000e+002 1.694752014957401e+002
-1.590000000000000e+002 1.730819583715914e+002
-1.580000000000000e+002 1.757778017628345e+002
-1.570000000000000e+002 1.775628117519913e+002
-1.560000000000000e+002 1.784731954900653e+002
-1.550000000000000e+002 1.785738191153397e+002
-1.540000000000000e+002 1.779395172996163e+002
-1.530000000000000e+002 1.766856236941393e+002
-1.520000000000000e+002 1.749036601748730e+002
-1.510000000000000e+002 1.726987165744756e+002
-1.500000000000000e+002 1.701687594468470e+002
-1.490000000000000e+002 1.674095594951061e+002
-1.480000000000000e+002 1.644977504854353e+002
-1.470000000000000e+002 1.615079527893018e+002
-1.460000000000000e+002 1.584833179750499e+002
-1.450000000000000e+002 1.554992861629778e+002
-1.440000000000000e+002 1.525698322270519e+002
-1.430000000000000e+002 1.497252215045058e+002
-1.420000000000000e+002 1.470066883203108e+002
-1.410000000000000e+002 1.444233885026834e+002
-1.400000000000000e+002 1.419865191446778e+002
-1.390000000000000e+002 1.397163443519570e+002
-1.380000000000000e+002 1.375854360085205e+002
-1.370000000000000e+002 1.356067250261416e+002
-1.360000000000000e+002 1.337659798596881e+002
-1.350000000000000e+002 1.320314709495640e+002
-1.340000000000000e+002 1.303994418509679e+002
-1.330000000000000e+002 1.288055878390994e+002
-1.320000000000000e+002 1.272650735276842e+002
-1.310000000000000e+002 1.257486817464929e+002
-1.300000000000000e+002 1.242183229192233e+002
-1.290000000000000e+002 1.226799278274395e+002
-1.280000000000000e+002 1.211002046563117e+002
-1.270000000000000e+002 1.194661909356363e+002
-1.260000000000000e+002 1.178104163935560e+002
-1.250000000000000e+002 1.161073345791868e+002
-1.240000000000000e+002 1.143601656918823e+002
-1.230000000000000e+002 1.125998599184375e+002
-1.220000000000000e+002 1.108407921087930e+002
-1.210000000000000e+002 1.090600144813455e+002
-1.200000000000000e+002 1.072838896734137e+002
-1.190000000000000e+002 1.055135386164614e+002
-1.180000000000000e+002 1.037346200845418e+002
-1.170000000000000e+002 1.019331515543071e+002
-1.160000000000000e+002 1.001078639943586e+002
-1.150000000000000e+002 9.823107279528315e+001
-1.140000000000000e+002 9.631743145544002e+001
-1.130000000000000e+002 9.434156791519797e+001
-1.120000000000000e+002 9.229924725440323e+001
-1.110000000000000e+002 9.021745752943590e+001
-1.100000000000000e+002 8.810128962524090e+001
-1.090000000000000e+002 8.597825106993399e+001
-1.080000000000000e+002 8.388996274781552e+001
-1.070000000000000e+002 8.186995516786862e+001
-1.060000000000000e+002 7.997217125064465e+001
-1.050000000000000e+002 7.825138392126064e+001
-1.040000000000000e+002 7.673452383695680e+001
-1.030000000000000e+002 7.547687714721866e+001
-1.020000000000000e+002 7.452140563832795e+001
-1.010000000000000e+002 7.386498945926682e+001
-1.000000000000000e+002 7.350285724982427e+001
-9.900000000000000e+001 7.342689855949358e+001
-9.800000000000000e+001 7.359486551068640e+001
-9.700000000000000e+001 7.394197984029678e+001
-9.600000000000000e+001 7.439257848285145e+001
-9.500000000000000e+001 7.488032942488421e+001
-9.400000000000000e+001 7.531121461615560e+001
-9.300000000000000e+001 7.561477687842282e+001
-9.200000000000000e+001 7.571724849404468e+001
-9.100000000000000e+001 7.554134375964685e+001
-9.000000000000000e+001 7.503996105681246e+001
-8.900000000000000e+001 7.418857368647244e+001
-8.800000000000000e+001 7.297905332559584e+001
-8.700000000000000e+001 7.144257790145623e+001
-8.600000000000000e+001 6.961820097541934e+001
-8.500000000000000e+001 6.751852201158422e+001
-8.400000000000000e+001 6.521570005767425e+001
-8.300000000000000e+001 6.279213300220994e+001
-8.200000000000000e+001 6.028160719676330e+001
-8.100000000000000e+001 5.774971632046218e+001
-8.000000000000000e+001 5.525305285376652e+001
-7.900000000000000e+001 5.282083139292314e+001
-7.800000000000000e+001 5.048813901779167e+001
-7.700000000000000e+001 4.828038278828485e+001
-7.600000000000000e+001 4.619779293628009e+001
-7.500000000000000e+001 4.424440236949653e+001
-7.400000000000000e+001 4.242949609131426e+001
-7.300000000000000e+001 4.072234104295873e+001
-7.200000000000000e+001 3.913552989179338e+001
-7.100000000000000e+001 3.765008886802933e+001
-7.000000000000000e+001 3.625567108240043e+001
-6.900000000000000e+001 3.493899176713443e+001
-6.800000000000000e+001 3.368569905233247e+001
-6.700000000000000e+001 3.247210365428825e+001
-6.600000000000000e+001 3.128443040907342e+001
-6.500000000000000e+001 3.010129451146569e+001
-6.400000000000000e+001 2.890582772916613e+001
-6.300000000000000e+001 2.768810946546927e+001
-6.200000000000000e+001 2.642124669773846e+001
-6.100000000000000e+001 2.509673764060823e+001
-6.000000000000000e+001 2.371300538555246e+001
-5.900000000000000e+001 2.227001018462271e+001
-5.800000000000000e+001 2.075936940660376e+001
-5.700000000000000e+001 1.919391873091793e+001
-5.600000000000000e+001 1.758878854043561e+001
-5.500000000000000e+001 1.597270098109752e+001
-5.400000000000000e+001 1.434909797208698e+001
-5.300000000000000e+001 1.275488132950206e+001
-5.200000000000000e+001 1.120346869863200e+001
-5.100000000000000e+001 9.725816999826597e+000
-5.000000000000000e+001 8.335949379630282e+000
-4.900000000000000e+001 7.052064886459075e+000
-4.800000000000000e+001 5.896100705928909e+000
-4.700000000000000e+001 4.862868151445839e+000
-4.600000000000000e+001 3.955745592985305e+000
-4.500000000000000e+001 3.175026730998888e+000
-4.400000000000000e+001 2.518347629281611e+000
-4.300000000000000e+001 1.977212952282385e+000
-4.200000000000000e+001 1.528515970127324e+000
-4.100000000000000e+001 1.164975818827893e+000
-4.000000000000000e+001 8.777218636144034e-001
-3.900000000000000e+001 6.547558934142117e-001
-3.800000000000000e+001 4.773814698267023e-001
-3.700000000000000e+001 3.438349912474113e-001
-3.600000000000000e+001 2.436586937047946e-001
-3.500000000000000e+001 1.739241651331193e-001
-3.400000000000000e+001 1.222033752757876e-001
-3.300000000000000e+001 8.202583801609760e-002
-3.200000000000000e+001 5.666269569817967e-002
-3.100000000000000e+001 3.970088148282759e-002
-3.000000000000000e+001 2.847276002741168e-002
-2.900000000000000e+001 2.030378584037529e-002
-2.800000000000000e+001 1.390306369376595e-002
-2.700000000000000e+001 9.703468712872832e-003
-2.600000000000000e+001 6.557025916103184e-003
-2.500000000000000e+001 3.998001039019768e-003
-2.400000000000000e+001 2.632397660360148e-003
-2.300000000000000e+001 1.580625973379773e-003
-2.200000000000000e+001 1.018019965404908e-003
-2.100000000000000e+001 5.368978489869282e-004
-2.000000000000000e+001 2.643751193327911e+000
-1.900000000000000e+001 4.033100568985194e+000
-1.800000000000000e+001 6.021047008413888e+000
-1.700000000000000e+001 8.796254714190010e+000
-1.600000000000000e+001 1.257524306729929e+001
-1.500000000000000e+001 1.759250942838001e+001
-1.400000000000000e+001 2.408418803365558e+001
-1.300000000000000e+001 3.226480455188151e+001
-1.200000000000000e+001 4.229790726494436e+001
-1.100000000000000e+001 5.426271697307786e+001
-1.000000000000000e+001 6.812037071187899e+001
-9.000000000000000e+000 8.368454953192786e+001
-8.000000000000000e+000 1.006019445383942e+002
-7.000000000000000e+000 1.183478249091354e+002
-6.000000000000000e+000 1.362407414237580e+002
-5.000000000000000e+000 1.534781405490788e+002
-4.000000000000000e+000 1.691916290597774e+002
-3.000000000000000e+000 1.825172967383521e+002
-2.000000000000000e+000 1.926735042692445e+002
-1.000000000000000e+000 1.990365234383324e+002
0.000000000000000e+000 2.012038890767884e+002
1.000000000000000e+000 1.990365234383324e+002
2.000000000000000e+000 1.926735042692445e+002
3.000000000000000e+000 1.825172967383521e+002
4.000000000000000e+000 1.691916290597774e+002
5.000000000000000e+000 1.534781405490788e+002
6.000000000000000e+000 1.362407414237580e+002
7.000000000000000e+000 1.183478249091354e+002
8.000000000000000e+000 1.006019445383942e+002
9.000000000000000e+000 8.368454953192786e+001
1.000000000000000e+001 6.812037071187900e+001
1.100000000000000e+001 5.426271697307782e+001
1.200000000000000e+001 4.229790726494436e+001
1.300000000000000e+001 3.226480455188155e+001
1.400000000000000e+001 2.408418803365555e+001
1.500000000000000e+001 1.759250942838001e+001
1.600000000000000e+001 1.257524306729928e+001
1.700000000000000e+001 8.796254714190010e+000
1.800000000000000e+001 6.021047008413893e+000
1.900000000000000e+001 4.033100568985191e+000
2.000000000000000e+001 2.643619204059022e+000
2.100000000000000e+001 0.000000000000000e+000
2.200000000000000e+001 0.000000000000000e+000
2.300000000000000e+001 0.000000000000000e+000
2.400000000000000e+001 0.000000000000000e+000
2.500000000000000e+001 0.000000000000000e+000
2.600000000000000e+001 0.000000000000000e+000
2.700000000000000e+001 0.000000000000000e+000
2.800000000000000e+001 0.000000000000000e+000
2.900000000000000e+001 0.000000000000000e+000
3.000000000000000e+001 0.000000000000000e+000
3.100000000000000e+001 0.000000000000000e+000
3.200000000000000e+001 0.000000000000000e+000
3.300000000000000e+001 0.000000000000000e+000
3.400000000000000e+001 0.000000000000000e+000
3.500000000000000e+001 0.000000000000000e+000
3.600000000000000e+001 0.000000000000000e+000
3.700000000000000e+001 0.000000000000000e+000
3.800000000000000e+001 0.000000000000000e+000
3.900000000000000e+001 0.000000000000000e+000
4.000000000000000e+001 0.000000000000000e+000
4.100000000000000e+001 0.000000000000000e+000
4.200000000000000e+001 0.000000000000000e+000
4.300000000000000e+001 0.000000000000000e+000
4.400000000000000e+001 0.000000000000000e+000
4.500000000000000e+001 0.000000000000000e+000
4.600000000000000e+001 0.000000000000000e+000
4.700000000000000e+001 0.000000000000000e+000
4.800000000000000e+001 0.000000000000000e+000
4.900000000000000e+001 0.000000000000000e+000
5.000000000000000e+001 0.000000000000000e+000
5.100000000000000e+001 0.000000000000000e+000
5.200000000000000e+001 0.000000000000000e+000
5.300000000000000e+001 0.000000000000000e+000
5.400000000000000e+001 0.000000000000000e+000
5.500000000000000e+001 0.000000000000000e+000
5.600000000000000e+001 0.000000000000000e+000
5.700000000000000e+001 0.000000000000000e+000
5.800000000000000e+001 0.000000000000000e+000
5.900000000000000e+001 0.000000000000000e+000
6.000000000000000e+001 0.000000000000000e+000
6.100000000000000e+001 0.000000000000000e+000
6.200000000000000e+001 0.000000000000000e+000
6.300000000000000e+001 0.000000000000000e+000
6.400000000000000e+001 0.000000000000000e+000
6.500000000000000e+001 0.000000000000000e+000
6.600000000000000e+001 0.000000000000000e+000
6.700000000000000e+001 0.000000000000000e+000
6.800000000000000e+001 0.000000000000000e+000
6.900000000000000e+001 0.000000000000000e+000
7.000000000000000e+001 0.000000000000000e+000
7.100000000000000e+001 0.000000000000000e+000
7.200000000000000e+001 0.000000000000000e+000
7.300000000000000e+001 0.000000000000000e+000
7.400000000000000e+001 0.000000000000000e+000
7.500000000000000e+001 0.000000000000000e+000
7.600000000000000e+001 0.000000000000000e+000
7.700000000000000e+001 0.000000000000000e+000
7.800000000000000e+001 0.000000000000000e+000
7.900000000000000e+001 0.000000000000000e+000
8.000000000000000e+001 0.000000000000000e+000
8.100000000000000e+001 0.000000000000000e+000
8.200000000000000e+001 0.000000000000000e+000
8.300000000000000e+001 0.000000000000000e+000
8.400000000000000e+001 0.000000000000000e+000
8.500000000000000e+001 0.000000000000000e+000
8.600000000000000e+001 0.000000000000000e+000
8.700000000000000e+001 0.000000000000000e+000
8.800000000000000e+001 0.000000000000000e+000
8.900000000000000e+001 0.000000000000000e+000
9.000000000000000e+001 0.000000000000000e+000
9.100000000000000e+001 0.000000000000000e+000
9.200000000000000e+001 0.000000000000000e+000
9.300000000000000e+001 0.000000000000000e+000
9.400000000000000e+001 0.000000000000000e+000
9.500000000000000e+001 0.000000000000000e+000
9.600000000000000e+001 0.000000000000000e+000
9.700000000000000e+001 0.000000000000000e+000
9.800000000000000e+001 0.000000000000000e+000
9.900000000000000e+001 0.000000000000000e+000
1.000000000000000e+002 0.000000000000000e+000
1.010000000000000e+002 0.000000000000000e+000
1.020000000000000e+002 0.000000000000000e+000
1.030000000000000e+002 0.000000000000000e+000
1.040000000000000e+002 0.000000000000000e+000
1.050000000000000e+002 0.000000000000000e+000
1.060000000000000e+002 0.000000000000000e+000
1.070000000000000e+002 0.000000000000000e+000
1.080000000000000e+002 0.000000000000000e+000
1.090000000000000e+002 0.000000000000000e+000
1.100000000000000e+002 0.000000000000000e+000
1.110000000000000e+002 0.000000000000000e+000
1.120000000000000e+002 0.000000000000000e+000
1.130000000000000e+002 0.000000000000000e+000
1.140000000000000e+002 0.000000000000000e+000
1.150000000000000e+002 0.000000000000000e+000
1.160000000000000e+002 0.000000000000000e+000
1.170000000000000e+002 0.000000000000000e+000
1.180000000000000e+002 0.000000000000000e+000
1.190000000000000e+002 0.000000000000000e+000
1.200000000000000e+002 0.000000000000000e+000
1.210000000000000e+002 0.000000000000000e+000
1.220000000000000e+002 0.000000000000000e+000
1.230000000000000e+002 0.000000000000000e+000
1.240000000000000e+002 0.000000000000000e+000
1.250000000000000e+002 0.000000000000000e+000
1.260000000000000e+002 0.000000000000000e+000
1.270000000000000e+002 0.000000000000000e+000
1.280000000000000e+002 0.000000000000000e+000
1.290000000000000e+002 0.000000000000000e+000
1.300000000000000e+002 0.000000000000000e+000
1.310000000000000e+002 0.000000000000000e+000
1.320000000000000e+002 0.000000000000000e+000
1.330000000000000e+002 0.000000000000000e+000
1.340000000000000e+002 0.000000000000000e+000
1.350000000000000e+002 0.000000000000000e+000
1.360000000000000e+002 0.000000000000000e+000
1.370000000000000e+002 0.000000000000000e+000
1.380000000000000e+002 0.000000000000000e+000
1.390000000000000e+002 0.000000000000000e+000
1.400000000000000e+002 0.000000000000000e+000
1.410000000000000e+002 0.000000000000000e+000
1.420000000000000e+002 0.000000000000000e+000
1.430000000000000e+002 0.000000000000000e+000
1.440000000000000e+002 0.000000000000000e+000
1.450000000000000e+002 0.000000000000000e+000
1.460000000000000e+002 0.000000000000000e+000
1.470000000000000e+002 0.000000000000000e+000
1.480000000000000e+002 0.000000000000000e+000
1.490000000000000e+002 0.000000000000000e+000
1.500000000000000e+002 0.000000000000000e+000
1.510000000000000e+002 0.000000000000000e+000
1.520000000000000e+002 0.000000000000000e+000
1.530000000000000e+002 0.000000000000000e+000
1.540000000000000e+002 0.000000000000000e+000
1.550000000000000e+002 0.000000000000000e+000
1.560000000000000e+002 0.000000000000000e+000
1.570000000000000e+002 0.000000000000000e+000
1.580000000000000e+002 0.000000000000000e+000
1.590000000000000e+002 0.000000000000000e+000
1.600000000000000e+002 0.000000000000000e+000
1.610000000000000e+002 0.000000000000000e+000
1.620000000000000e+002 0.000000000000000e+000
1.630000000000000e+002 0.000000000000000e+000
1.640000000000000e+002 0.000000000000000e+000
1.650000000000000e+002 0.000000000000000e+000
1.660000000000000e+002 0.000000000000000e+000
1.670000000000000e+002 0.000000000000000e+000
1.680000000000000e+002 0.000000000000000e+000
1.690000000000000e+002 0.000000000000000e+000
1.700000000000000e+002 0.000000000000000e+000
1.710000000000000e+002 0.000000000000000e+000
1.720000000000000e+002 0.000000000000000e+000
1.730000000000000e+002 0.000000000000000e+000
1.740000000000000e+002 0.000000000000000e+000
1.750000000000000e+002 0.000000000000000e+000
1.760000000000000e+002 0.000000000000000e+000
1.770000000000000e+002 0.000000000000000e+000
1.780000000000000e+002 0.000000000000000e+000
1.790000000000000e+002 0.000000000000000e+000
1.800000000000000e+002 0.000000000000000e+000
1.810000000000000e+002 0.000000000000000e+000
1.820000000000000e+002 0.000000000000000e+000
1.830000000000000e+002 0.000000000000000e+000
1.840000000000000e+002 0.000000000000000e+000
1.850000000000000e+002 0.000000000000000e+000
1.860000000000000e+002 0.000000000000000e+000
1.870000000000000e+002 0.000000000000000e+000
1.880000000000000e+002 0.000000000000000e+000
1.890000000000000e+002 0.000000000000000e+000
1.900000000000000e+002 0.000000000000000e+000
1.910000000000000e+002 0.000000000000000e+000
1.920000000000000e+002 0.000000000000000e+000
1.930000000000000e+002 0.000000000000000e+000
1.940000000000000e+002 0.000000000000000e+000
1.950000000000000e+002 0.000000000000000e+000
1.960000000000000e+002 0.000000000000000e+000
1.970000000000000e+002 0.000000000000000e+000
1.980000000000000e+002 0.000000000000000e+000
1.990000000000000e+002 0.000000000000000e+000
2.000000000000000e+002 0.000000000000000e+000
2.010000000000000e+002 0.000000000000000e+000
2.020000000000000e+002 0.000000000000000e+000
2.030000000000000e+002 0.000000000000000e+000
2.040000000000000e+002 0.000000000000000e+000
2.050000000000000e+002 0.000000000000000e+000
2.060000000000000e+002 0.000000000000000e+000
2.070000000000000e+002 0.000000000000000e+000
2.080000000000000e+002 0.000000000000000e+000
2.090000000000000e+002 0.000000000000000e+000
2.100000000000000e+002 0.000000000000000e+000
2.110000000000000e+002 0.000000000000000e+000
2.120000000000000e+002 0.000000000000000e+000
2.130000000000000e+002 0.000000000000000e+000
2.140000000000000e+002 0.000000000000000e+000
2.150000000000000e+002 0.000000000000000e+000
2.160000000000000e+002 0.000000000000000e+000
2.170000000000000e+002 0.000000000000000e+000
2.180000000000000e+002 0.000000000000000e+000
2.190000000000000e+002 0.000000000000000e+000
2.200000000000000e+002 0.000000000000000e+000
2.210000000000000e+002 0.000000000000000e+000
2.220000000000000e+002 0.000000000000000e+000
2.230000000000000e+002 0.000000000000000e+000
2.240000000000000e+002 0.000000000000000e+000
2.250000000000000e+002 0.000000000000000e+000
2.260000000000000e+002 0.000000000000000e+000
2.270000000000000e+002 0.000000000000000e+000
2.280000000000000e+002 0.000000000000000e+000
2.290000000000000e+002 0.000000000000000e+000
2.300000000000000e+002 0.000000000000000e+000
2.310000000000000e+002 0.000000000000000e+000
2.320000000000000e+002 0.000000000000000e+000
2.330000000000000e+002 0.000000000000000e+000
2.340000000000000e+002 0.000000000000000e+000
2.350000000000000e+002 0.000000000000000e+000
2.360000000000000e+002 0.000000000000000e+000
2.370000000000000e+002 0.000000000000000e+000
2.380000000000000e+002 0.000000000000000e+000
2.390000000000000e+002 0.000000000000000e+000
2.400000000000000e+002 0.000000000000000e+000
2.410000000000000e+002 0.000000000000000e+000
2.420000000000000e+002 0.000000000000000e+000
2.430000000000000e+002 0.000000000000000e+000
2.440000000000000e+002 0.000000000000000e+000
2.450000000000000e+002 0.000000000000000e+000
2.460000000000000e+002 0.000000000000000e+000
2.470000000000000e+002 0.000000000000000e+000
2.480000000000000e+002 0.000000000000000e+000
2.490000000000000e+002 0.000000000000000e+000
2.500000000000000e+002 0.000000000000000e+000
2.510000000000000e+002 0.000000000000000e+000
2.520000000000000e+002 0.000000000000000e+000
2.530000000000000e+002 0.000000000000000e+000
2.540000000000000e+002 0.000000000000000e+000
2.550000000000000e+002 0.000000000000000e+000
2.560000000000000e+002 0.000000000000000e+000
2.570000000000000e+002 0.000000000000000e+000
2.580000000000000e+002 0.000000000000000e+000
2.590000000000000e+002 0.000000000000000e+000
2.600000000000000e+002 0.000000000000000e+000
2.610000000000000e+002 0.000000000000000e+000
2.620000000000000e+002 0.000000000000000e+000
2.630000000000000e+002 0.000000000000000e+000
2.640000000000000e+002 0.000000000000000e+000
2.650000000000000e+002 0.000000000000000e+000
2.660000000000000e+002 0.000000000000000e+000
2.670000000000000e+002 0.000000000000000e+000
2.680000000000000e+002 0.000000000000000e+000
2.690000000000000e+002 0.000000000000000e+000
2.700000000000000e+002 0.000000000000000e+000
2.710000000000000e+002 0.000000000000000e+000
2.720000000000000e+002 0.000000000000000e+000
2.730000000000000e+002 0.000000000000000e+000
2.740000000000000e+002 0.000000000000000e+000
2.750000000000000e+002 0.000000000000000e+000
2.760000000000000e+002 0.000000000000000e+000
2.770000000000000e+002 0.000000000000000e+000
2.780000000000000e+002 0.000000000000000e+000
2.790000000000000e+002 0.000000000000000e+000
2.800000000000000e+002 0.000000000000000e+000
2.810000000000000e+002 0.000000000000000e+000
2.820000000000000e+002 0.000000000000000e+000
2.830000000000000e+002 0.000000000000000e+000
2.840000000000000e+002 0.000000000000000e+000
2.850000000000000e+002 0.000000000000000e+000
2.860000000000000e+002 0.000000000000000e+000
2.870000000000000e+002 0.000000000000000e+000
2.880000000000000e+002 0.000000000000000e+000
2.890000000000000e+002 0.000000000000000e+000
2.900000000000000e+002 0.000000000000000e+000
2.910000000000000e+002 0.000000000000000e+000
2.920000000000000e+002 0.000000000000000e+000
2.930000000000000e+002 0.000000000000000e+000
2.940000000000000e+002 0.000000000000000e+000
2.950000000000000e+002 0.000000000000000e+000
2.960000000000000e+002 0.000000000000000e+000
2.970000000000000e+002 0.000000000000000e+000
2.980000000000000e+002 0.000000000000000e+000
2.990000000000000e+002 0.000000000000000e+000
3.000000000000000e+002 0.000000000000000e+000
3.010000000000000e+002 0.000000000000000e+000
3.020000000000000e+002 0.000000000000000e+000
3.030000000000000e+002 0.000000000000000e+000
3.040000000000000e+002 0.000000000000000e+000
3.050000000000000e+002 0.000000000000000e+000
3.060000000000000e+002 0.000000000000000e+000
3.070000000000000e+002 0.000000000000000e+000
3.080000000000000e+002 0.000000000000000e+000
3.090000000000000e+002 0.000000000000000e+000
3.100000000000000e+002 0.000000000000000e+000
3.110000000000000e+002 0.000000000000000e+000
3.120000000000000e+002 0.000000000000000e+000
3.130000000000000e+002 0.000000000000000e+000
3.140000000000000e+002 0.000000000000000e+000
3.150000000000000e+002 0.000000000000000e+000
3.160000000000000e+002 0.000000000000000e+000
3.170000000000000e+002 0.000000000000000e+000
3.180000000000000e+002 0.000000000000000e+000
3.190000000000000e+002 0.000000000000000e+000
3.200000000000000e+002 0.000000000000000e+000
3.210000000000000e+002 0.000000000000000e+000
3.220000000000000e+002 0.000000000000000e+000
3.230000000000000e+002 0.000000000000000e+000
3.240000000000000e+002 0.000000000000000e+000
3.250000000000000e+002 0.000000000000000e+000
3.260000000000000e+002 0.000000000000000e+000
3.270000000000000e+002 0.000000000000000e+000
3.280000000000000e+002 0.000000000000000e+000
3.290000000000000e+002 0.000000000000000e+000
3.300000000000000e+002 0.000000000000000e+000
3.310000000000000e+002 0.000000000000000e+000
3.320000000000000e+002 0.000000000000000e+000
3.330000000000000e+002 0.000000000000000e+000
3.340000000000000e+002 0.000000000000000e+000
3.350000000000000e+002 0.000000000000000e+000
3.360000000000000e+002 0.000000000000000e+000
3.370000000000000e+002 0.000000000000000e+000
3.380000000000000e+002 0.000000000000000e+000
3.390000000000000e+002 0.000000000000000e+000
3.400000000000000e+002 0.000000000000000e+000
3.410000000000000e+002 0.000000000000000e+000
3.420000000000000e+002 0.000000000000000e+000
3.430000000000000e+002 0.000000000000000e+000
3.440000000000000e+002 0.000000000000000e+000
3.450000000000000e+002 0.000000000000000e+000
3.460000000000000e+002 0.000000000000000e+000
3.470000000000000e+002 0.000000000000000e+000
3.480000000000000e+002 0.000000000000000e+000
3.490000000000000e+002 0.000000000000000e+000
3.500000000000000e+002 0.000000000000000e+000
3.510000000000000e+002 0.000000000000000e+000
3.520000000000000e+002 0.000000000000000e+000
3.530000000000000e+002 0.000000000000000e+000
3.540000000000000e+002 0.000000000000000e+000
