-3.530000000000000e+002 0.000000000000000e+000
-3.520000000000000e+002 0.000000000000000e+000
-3.510000000000000e+002 0.000000000000000e+000
-3.500000000000000e+002 0.000000000000000e+000
-3.490000000000000e+002 0.000000000000000e+000
-3.480000000000000e+002 0.000000000000000e+000
-3.470000000000000e+002 0.000000000000000e+000
-3.460000000000000e+002 0.000000000000000e+000
-3.450000000000000e+002 0.000000000000000e+000
-3.440000000000000e+002 0.000000000000000e+000
-3.430000000000000e+002 0.000000000000000e+000
-3.420000000000000e+002 0.000000000000000e+000
-3.410000000000000e+002 0.000000000000000e+000
-3.400000000000000e+002 0.000000000000000e+000
-3.390000000000000e+002 0.000000000000000e+000
-3.380000000000000e+002 0.000000000000000e+000
-3.370000000000000e+002 0.000000000000000e+000
-3.360000000000000e+002 0.000000000000000e+000
-3.350000000000000e+002 0.000000000000000e+000
-3.340000000000000e+002 0.000000000000000e+000
-3.330000000000000e+002 0.000000000000000e+000
-3.320000000000000e+002 0.000000000000000e+000
-3.310000000000000e+002 0.000000000000000e+000
-3.300000000000000e+002 0.000000000000000e+000
-3.290000000000000e+002 0.000000000000000e+000
-3.280000000000000e+002 0.000000000000000e+000
-3.270000000000000e+002 0.000000000000000e+000
-3.260000000000000e+002 0.000000000000000e+000
-3.250000000000000e+002 0.000000000000000e+000
-3.240000000000000e+002 0.000000000000000e+000
-3.230000000000000e+002 0.000000000000000e+000
-3.220000000000000e+002 0.000000000000000e+000
-3.210000000000000e+002 0.000000000000000e+000
-3.200000000000000e+002 0.000000000000000e+000
-3.190000000000000e+002 0.000000000000000e+000
-3.180000000000000e+002 0.000000000000000e+000
-3.170000000000000e+002 0.000000000000000e+000
-3.160000000000000e+002 0.000000000000000e+000
-3.150000000000000e+002 0.000000000000000e+000
-3.140000000000000e+002 0.000000000000000e+000
-3.130000000000000e+002 0.000000000000000e+000
-3.120000000000000e+002 0.000000000000000e+000
-3.110000000000000e+002 0.000000000000000e+000
-3.100000000000000e+002 0.000000000000000e+000
-3.090000000000000e+002 0.000000000000000e+000
-3.080000000000000e+002 0.000000000000000e+000
-3.070000000000000e+002 0.000000000000000e+000
-3.060000000000000e+002 0.000000000000000e+000
-3.050000000000000e+002 0.000000000000000e+000
-3.040000000000000e+002 0.000000000000000e+000
-3.030000000000000e+002 0.000000000000000e+000
-3.020000000000000e+002 0.000000000000000e+000
-3.010000000000000e+002 0.000000000000000e+000
-3.000000000000000e+002 0.000000000000000e+000
-2.990000000000000e+002 0.000000000000000e+000
-2.980000000000000e+002 0.000000000000000e+000
-2.970000000000000e+002 0.000000000000000e+000
-2.960000000000000e+002 0.000000000000000e+000
-2.950000000000000e+002 0.000000000000000e+000
-2.940000000000000e+002 0.000000000000000e+000
-2.930000000000000e+002 0.000000000000000e+000
-2.920000000000000e+002 0.000000000000000e+000
-2.910000000000000e+002 0.000000000000000e+000
-2.900000000000000e+002 0.000000000000000e+000
-2.890000000000000e+002 0.000000000000000e+000
-2.880000000000000e+002 0.000000000000000e+000
-2.870000000000000e+002 0.000000000000000e+000
-2.860000000000000e+002 0.000000000000000e+000
-2.850000000000000e+002 0.000000000000000e+000
-2.840000000000000e+002 0.000000000000000e+000
-2.830000000000000e+002 0.000000000000000e+000
-2.820000000000000e+002 0.000000000000000e+000
-2.810000000000000e+002 0.000000000000000e+000
-2.800000000000000e+002 0.000000000000000e+000
-2.790000000000000e+002 0.000000000000000e+000
-2.780000000000000e+002 0.000000000000000e+000
-2.770000000000000e+002 0.000000000000000e+000
-2.760000000000000e+002 0.000000000000000e+000
-2.750000000000000e+002 0.000000000000000e+000
-2.740000000000000e+002 0.000000000000000e+000
-2.730000000000000e+002 0.000000000000000e+000
-2.720000000000000e+002 0.000000000000000e+000
-2.710000000000000e+002 0.000000000000000e+000
-2.700000000000000e+002 0.000000000000000e+000
-2.690000000000000e+002 0.000000000000000e+000
-2.680000000000000e+002 0.000000000000000e+000
-2.670000000000000e+002 0.000000000000000e+000
-2.660000000000000e+002 0.000000000000000e+000
-2.650000000000000e+002 0.000000000000000e+000
-2.640000000000000e+002 0.000000000000000e+000
-2.630000000000000e+002 0.000000000000000e+000
-2.620000000000000e+002 0.000000000000000e+000
-2.610000000000000e+002 0.000000000000000e+000
-2.600000000000000e+002 0.000000000000000e+000
-2.590000000000000e+002 0.000000000000000e+000
-2.580000000000000e+002 0.000000000000000e+000
-2.570000000000000e+002 0.000000000000000e+000
-2.560000000000000e+002 0.000000000000000e+000
-2.550000000000000e+002 0.000000000000000e+000
-2.540000000000000e+002 0.000000000000000e+000
-2.530000000000000e+002 0.000000000000000e+000
-2.520000000000000e+002 0.000000000000000e+000
-2.510000000000000e+002 0.000000000000000e+000
-2.500000000000000e+002 0.000000000000000e+000
-2.490000000000000e+002 0.000000000000000e+000
-2.480000000000000e+002 0.000000000000000e+000
-2.470000000000000e+002 0.000000000000000e+000
-2.460000000000000e+002 0.000000000000000e+000
-2.450000000000000e+002 0.000000000000000e+000
-2.440000000000000e+002 0.000000000000000e+000
-2.430000000000000e+002 0.000000000000000e+000
-2.420000000000000e+002 0.000000000000000e+000
-2.410000000000000e+002 0.000000000000000e+000
-2.400000000000000e+002 0.000000000000000e+000
-2.390000000000000e+002 0.000000000000000e+000
-2.380000000000000e+002 0.000000000000000e+000
-2.370000000000000e+002 0.000000000000000e+000
-2.360000000000000e+002 0.000000000000000e+000
-2.350000000000000e+002 0.000000000000000e+000
-2.340000000000000e+002 0.000000000000000e+000
-2.330000000000000e+002 0.000000000000000e+000
-2.320000000000000e+002 0.000000000000000e+000
-2.310000000000000e+002 0.000000000000000e+000
-2.300000000000000e+002 0.000000000000000e+000
-2.290000000000000e+002 0.000000000000000e+000
-2.280000000000000e+002 0.000000000000000e+000
-2.270000000000000e+002 0.000000000000000e+000
-2.260000000000000e+002 0.000000000000000e+000
-2.250000000000000e+002 0.000000000000000e+000
-2.240000000000000e+002 0.000000000000000e+000
-2.230000000000000e+002 4.489533784192261e-004
-2.220000000000000e+002 1.791580168366914e-003
-2.210000000000000e+002 6.362633387786465e-003
-2.200000000000000e+002 1.714629167987079e-002
-2.190000000000000e+002 3.865496976012718e-002
-2.180000000000000e+002 7.238023806532735e-002
-2.170000000000000e+002 1.237347948429269e-001
-2.160000000000000e+002 2.000326871071922e-001
-2.150000000000000e+002 3.092591226762783e-001
-2.140000000000000e+002 4.612199799024264e-001
-2.130000000000000e+002 6.679508054526551e-001
-2.120000000000000e+002 9.389202876222779e-001
-2.110000000000000e+002 1.290039350624885e+000
-2.100000000000000e+002 1.735131896089444e+000
-2.090000000000000e+002 2.290091073025503e+000
-2.080000000000000e+002 2.967221013826820e+000
-2.070000000000000e+002 3.776061576939525e+000
-2.060000000000000e+002 4.724866945993981e+000
-2.050000000000000e+002 5.815848476047012e+000
-2.040000000000000e+002 7.042724141781096e+000
-2.030000000000000e+002 8.399511143698186e+000
-2.020000000000000e+002 9.871465853193490e+000
-2.010000000000000e+002 1.143651606020855e+001
-2.000000000000000e+002 1.307601320396564e+001
-1.990000000000000e+002 1.475484817120723e+001
-1.980000000000000e+002 1.644991234124270e+001
-1.970000000000000e+002 1.813273561328190e+001
-1.960000000000000e+002 1.978475156920512e+001
-1.950000000000000e+002 2.138501991638090e+001
-1.940000000000000e+002 2.292955013447892e+001
-1.930000000000000e+002 2.441524631782968e+001
-1.920000000000000e+002 2.585159606463870e+001
-1.910000000000000e+002 2.725026072319859e+001
-1.900000000000000e+002 2.863435967051933e+001
-1.890000000000000e+002 3.002352439756697e+001
-1.880000000000000e+002 3.144576692242684e+001
-1.870000000000000e+002 3.293925299309254e+001
-1.860000000000000e+002 3.452979087169562e+001
-1.850000000000000e+002 3.626650805902909e+001
-1.840000000000000e+002 3.816071167612019e+001
-1.830000000000000e+002 4.026523836756523e+001
-1.820000000000000e+002 4.260916145562145e+001
-1.810000000000000e+002 4.525433567427413e+001
-1.800000000000000e+002 4.820026232151935e+001
-1.790000000000000e+002 5.154776778141998e+001
-1.780000000000000e+002 5.535981709778888e+001
-1.770000000000000e+002 5.974826853541236e+001
-1.760000000000000e+002 6.481704529636498e+001
-1.750000000000000e+002 7.064603746501716e+001
-1.740000000000000e+002 7.736794689153288e+001
-1.730000000000000e+002 8.504931632252615e+001
-1.720000000000000e+002 9.374072502223491e+001
-1.710000000000000e+002 1.034783454392464e+002
-1.700000000000000e+002 1.142192601264034e+002
-1.690000000000000e+002 1.258906510496876e+002
-1.680000000000000e+002 1.383195755792588e+002
-1.670000000000000e+002 1.513077543709509e+002
-1.660000000000000e+002 1.646231725052752e+002
-1.650000000000000e+002 1.779682993912507e+002
-1.640000000000000e+002 1.910228954367997e+002
-1.630000000000000e+002 2.034769791600318e+002
-1.620000000000000e+002 2.150447358485393e+002
-1.610000000000000e+002 2.254609357401817e+002
-1.600000000000000e+002 2.345110072214465e+002
-1.590000000000000e+002 2.420363974218814e+002
-1.580000000000000e+002 2.479673519849388e+002
-1.570000000000000e+002 2.522735938431545e+002
-1.560000000000000e+002 2.549851998753114e+002
-1.550000000000000e+002 2.561672628678357e+002
-1.540000000000000e+002 2.559786229887736e+002
-1.530000000000000e+002 2.545531416854610e+002
-1.520000000000000e+002 2.520598677091599e+002
-1.510000000000000e+002 2.486567369361822e+002
-1.500000000000000e+002 2.444991796409160e+002
-1.490000000000000e+002 2.397433394931053e+002
-1.480000000000000e+002 2.345314827149456e+002
-1.470000000000000e+002 2.289662260466470e+002
-1.460000000000000e+002 2.231375029118360e+002
-1.450000000000000e+002 2.171406870530323e+002
-1.440000000000000e+002 2.110228288466606e+002
-1.430000000000000e+002 2.048436816778778e+002
-1.420000000000000e+002 1.986347632952470e+002
-1.410000000000000e+002 1.924432879308370e+002
-1.400000000000000e+002 1.862749936764440e+002
-1.390000000000000e+002 1.802017964122533e+002
-1.380000000000000e+002 1.741929573381865e+002
-1.370000000000000e+002 1.682639213145641e+002
-1.360000000000000e+002 1.623961380439526e+002
-1.350000000000000e+002 1.565996091841232e+002
-1.340000000000000e+002 1.508870993719325e+002
-1.330000000000000e+002 1.452211312745904e+002
-1.320000000000000e+002 1.396275892734349e+002
-1.310000000000000e+002 1.341011507594249e+002
-1.300000000000000e+002 1.286316744713167e+002
-1.290000000000000e+002 1.232473109042722e+002
-1.280000000000000e+002 1.179529977010540e+002
-1.270000000000000e+002 1.127816097139970e+002
-1.260000000000000e+002 1.077625829234548e+002
-1.250000000000000e+002 1.029040092770072e+002
-1.240000000000000e+002 9.824792085090080e+001
-1.230000000000000e+002 9.384000416182606e+001
-1.220000000000000e+002 8.970150310477985e+001
-1.210000000000000e+002 8.583084400185840e+001
-1.200000000000000e+002 8.224681102796509e+001
-1.190000000000000e+002 7.896380610028902e+001
-1.180000000000000e+002 7.596295456769194e+001
-1.170000000000000e+002 7.322146995998891e+001
-1.160000000000000e+002 7.072106139775539e+001
-1.150000000000000e+002 6.843805621415942e+001
-1.140000000000000e+002 6.636431670278537e+001
-1.130000000000000e+002 6.444015266195002e+001
-1.120000000000000e+002 6.265602783413686e+001
-1.110000000000000e+002 6.100204926234595e+001
-1.100000000000000e+002 5.947345107754112e+001
-1.090000000000000e+002 5.807060688397736e+001
-1.080000000000000e+002 5.679508611712566e+001
-1.070000000000000e+002 5.564957819648664e+001
-1.060000000000000e+002 5.468130803340557e+001
-1.050000000000000e+002 5.390180251371567e+001
-1.040000000000000e+002 5.333229837099049e+001
-1.030000000000000e+002 5.302219418320657e+001
-1.020000000000000e+002 5.299515191878778e+001
-1.010000000000000e+002 5.325112598459303e+001
-1.000000000000000e+002 5.379743367721949e+001
-9.900000000000000e+001 5.462782847911385e+001
-9.800000000000000e+001 5.570239787844684e+001
-9.700000000000000e+001 5.698922210561486e+001
-9.600000000000000e+001 5.842662328661022e+001
-9.500000000000000e+001 5.995056073829043e+001
-9.400000000000000e+001 6.147519250769680e+001
-9.300000000000000e+001 6.291768123313077e+001
-9.200000000000000e+001 6.420237545498198e+001
-9.100000000000000e+001 6.524550075962618e+001
-9.000000000000000e+001 6.598187145483185e+001
-8.900000000000000e+001 6.636058786995417e+001
-8.800000000000000e+001 6.635129965806112e+001
-8.700000000000000e+001 6.595115921527223e+001
-8.600000000000000e+001 6.517747353780761e+001
-8.500000000000000e+001 6.404110014433743e+001
-8.400000000000000e+001 6.259297782212654e+001
-8.300000000000000e+001 6.089299605074249e+001
-8.200000000000000e+001 5.898838998953617e+001
-8.100000000000000e+001 5.693798463439791e+001
-8.000000000000000e+001 5.480679666587055e+001
-7.900000000000000e+001 5.264024418894594e+001
-7.800000000000000e+001 5.047077222451948e+001
-7.700000000000000e+001 4.834063817296066e+001
-7.600000000000000e+001 4.626288247781672e+001
-7.500000000000000e+001 4.425166617759815e+001
-7.400000000000000e+001 4.232054708176664e+001
-7.300000000000000e+001 4.045601095785035e+001
-7.200000000000000e+001 3.866525518235541e+001
-7.100000000000000e+001 3.695053600552613e+001
-7.000000000000000e+001 3.530199323771458e+001
-6.900000000000000e+001 3.371913446866914e+001
-6.800000000000000e+001 3.219871287437741e+001
-6.700000000000000e+001 3.073030721969455e+001
-6.600000000000000e+001 2.931727247296826e+001
-6.500000000000000e+001 2.794073919620078e+001
-6.400000000000000e+001 2.660700005533121e+001
-6.300000000000000e+001 2.530419362869484e+001
-6.200000000000000e+001 2.401587960818432e+001
-6.100000000000000e+001 2.274704898516703e+001
-6.000000000000000e+001 2.149174606569460e+001
-5.900000000000000e+001 2.024152161100703e+001
-5.800000000000000e+001 1.899677846229369e+001
-5.700000000000000e+001 1.775996344111969e+001
-5.600000000000000e+001 1.652378177360063e+001
-5.500000000000000e+001 1.530521655520712e+001
-5.400000000000000e+001 1.410167119335348e+001
-5.300000000000000e+001 1.291982998807472e+001
-5.200000000000000e+001 1.177182268166642e+001
-5.100000000000000e+001 1.066012965725679e+001
-5.000000000000000e+001 9.598771733327160e+000
-4.900000000000000e+001 8.601087667577213e+000
-4.800000000000000e+001 7.671219341408348e+000
-4.700000000000000e+001 6.810364162363221e+000
-4.600000000000000e+001 6.022166061813249e+000
-4.500000000000000e+001 5.312315797201980e+000
-4.400000000000000e+001 4.680496005643042e+000
-4.300000000000000e+001 4.123068925674202e+000
-4.200000000000000e+001 3.631103616234614e+000
-4.100000000000000e+001 3.204436300439919e+000
-4.000000000000000e+001 2.837662580701130e+000
-3.900000000000000e+001 2.521832632056623e+000
-3.800000000000000e+001 2.250701220074311e+000
-3.700000000000000e+001 2.017984104821443e+000
-3.600000000000000e+001 1.817711001322724e+000
-3.500000000000000e+001 1.649225989361310e+000
-3.400000000000000e+001 1.506281954815458e+000
-3.300000000000000e+001 1.381569379517800e+000
-3.200000000000000e+001 1.277792771920909e+000
-3.100000000000000e+001 1.189176074089811e+000
-3.000000000000000e+001 1.113076144659823e+000
-2.900000000000000e+001 1.046484584158003e+000
-2.800000000000000e+001 9.879973016368510e-001
-2.700000000000000e+001 9.356556011292058e-001
-2.600000000000000e+001 8.887838996809864e-001
-2.500000000000000e+001 8.473175929292055e-001
-2.400000000000000e+001 8.089144498601196e-001
-2.300000000000000e+001 7.738554115408738e-001
-2.200000000000000e+001 7.427237784500601e-001
-2.100000000000000e+001 7.133535984146903e-001
-2.000000000000000e+001 3.569787253421443e+000
-1.900000000000000e+001 5.059046539813100e+000
-1.800000000000000e+001 7.202306916340563e+000
-1.700000000000000e+001 1.020766842483174e+001
-1.600000000000000e+001 1.431004055138401e+001
-1.500000000000000e+001 1.976847481206327e+001
-1.400000000000000e+001 2.684237380359956e+001
-1.300000000000000e+001 3.576297702570764e+001
-1.200000000000000e+001 4.671069225604630e+001
-1.100000000000000e+001 5.977615133299675e+001
-1.000000000000000e+001 7.491922882923609e+001
-9.000000000000000e+000 9.193917109808400e+001
-8.000000000000000e+000 1.104537363941465e+002
-7.000000000000000e+000 1.298919418690098e+002
-6.000000000000000e+000 1.495127657162354e+002
-5.000000000000000e+000 1.684410776176282e+002
-4.000000000000000e+000 1.857290802995924e+002
-3.000000000000000e+000 2.004328561843900e+002
-2.000000000000000e+000 2.116960710138952e+002
-1.000000000000000e+000 2.188345124968003e+002
0.000000000000000e+000 2.214031584543050e+002
1.000000000000000e+000 2.192435833429879e+002
2.000000000000000e+000 2.125004810501669e+002
3.000000000000000e+000 2.016052756256032e+002
4.000000000000000e+000 1.872313684326616e+002
5.000000000000000e+000 1.702266962710808e+002
6.000000000000000e+000 1.515285886681684e+002
7.000000000000000e+000 1.320823246930168e+002
8.000000000000000e+000 1.127630034433958e+002
9.000000000000000e+000 9.431513207384056e+001
1.000000000000000e+001 7.731354560020937e+001
1.100000000000000e+001 6.214778168460119e+001
1.200000000000000e+001 4.902582526561228e+001
1.300000000000000e+001 3.799488756270507e+001
1.400000000000000e+001 2.897343706966870e+001
1.500000000000000e+001 2.178700540440194e+001
1.600000000000000e+001 1.620551828760229e+001
1.700000000000000e+001 1.197441271979538e+001
1.800000000000000e+001 8.839933751165256e+000
1.900000000000000e+001 6.567157764825793e+000
2.000000000000000e+001 4.950440103253523e+000
2.100000000000000e+001 1.969441470078003e+000
2.200000000000000e+001 1.876078211074983e+000
2.300000000000000e+001 1.785162217310335e+000
2.400000000000000e+001 1.695826368249731e+000
2.500000000000000e+001 1.609861772204923e+000
2.600000000000000e+001 1.524882866148678e+000
2.700000000000000e+001 1.441574378730370e+000
2.800000000000000e+001 1.364151282408905e+000
2.900000000000000e+001 1.290521205402350e+000
3.000000000000000e+001 1.218623965807838e+000
3.100000000000000e+001 1.149386474489300e+000
3.200000000000000e+001 1.083089324134241e+000
3.300000000000000e+001 1.020110160801273e+000
3.400000000000000e+001 9.612067862524508e-001
3.500000000000000e+001 9.057131469157034e-001
3.600000000000000e+001 8.543254853961884e-001
3.700000000000000e+001 8.070138858759945e-001
3.800000000000000e+001 7.633796809198792e-001
3.900000000000000e+001 7.233715809322488e-001
4.000000000000000e+001 6.863447809311225e-001
4.100000000000000e+001 6.525826033847993e-001
4.200000000000000e+001 6.215813237768977e-001
4.300000000000000e+001 5.928778780215788e-001
4.400000000000000e+001 5.670566534727199e-001
4.500000000000000e+001 5.435670373699678e-001
4.600000000000000e+001 5.218752659741206e-001
4.700000000000000e+001 5.022064239731872e-001
4.800000000000000e+001 4.841152539659692e-001
4.900000000000000e+001 4.675062093415620e-001
5.000000000000000e+001 4.519405832771271e-001
5.100000000000000e+001 4.376431940546265e-001
5.200000000000000e+001 4.240858657585354e-001
5.300000000000000e+001 4.112027372517379e-001
5.400000000000000e+001 3.989637807231122e-001
5.500000000000000e+001 3.872792846298335e-001
5.600000000000000e+001 3.761760420891055e-001
5.700000000000000e+001 3.658211788774233e-001
5.800000000000000e+001 3.559241470386317e-001
5.900000000000000e+001 3.465610960652794e-001
6.000000000000000e+001 3.380088323473431e-001
6.100000000000000e+001 3.303465238456445e-001
6.200000000000000e+001 3.234098574324986e-001
6.300000000000000e+001 3.171145086925484e-001
6.400000000000000e+001 3.116450141854180e-001
6.500000000000000e+001 3.068790985090843e-001
6.600000000000000e+001 3.027142223210797e-001
6.700000000000000e+001 2.993550419810287e-001
6.800000000000000e+001 2.962726001045010e-001
6.900000000000000e+001 2.935606686513770e-001
7.000000000000000e+001 2.910647409738679e-001
7.100000000000000e+001 2.887849297097712e-001
7.200000000000000e+001 2.865671497264475e-001
7.300000000000000e+001 2.844897827315002e-001
7.400000000000000e+001 2.822846568117056e-001
7.500000000000000e+001 2.799536005259159e-001
7.600000000000000e+001 2.777321293838893e-001
7.700000000000000e+001 2.753343515490238e-001
7.800000000000000e+001 2.728469364822835e-001
7.900000000000000e+001 2.702645266723360e-001
8.000000000000000e+001 2.675266100464114e-001
8.100000000000000e+001 2.646224857510060e-001
8.200000000000000e+001 2.614421603008203e-001
8.300000000000000e+001 2.581571142696183e-001
8.400000000000000e+001 2.545919676441661e-001
8.500000000000000e+001 2.505738767180916e-001
8.600000000000000e+001 2.464796291963076e-001
8.700000000000000e+001 2.420540458177970e-001
8.800000000000000e+001 2.374326113182935e-001
8.900000000000000e+001 2.324244867281853e-001
9.000000000000000e+001 2.271699349290669e-001
9.100000000000000e+001 2.217455409000496e-001
9.200000000000000e+001 2.161002900022319e-001
9.300000000000000e+001 2.102610238270026e-001
9.400000000000000e+001 2.042952417802930e-001
9.500000000000000e+001 1.982031576323114e-001
9.600000000000000e+001 1.920480333241846e-001
9.700000000000000e+001 1.858758244598363e-001
9.800000000000000e+001 1.796313314470577e-001
9.900000000000000e+001 1.735204328501206e-001
1.000000000000000e+002 1.675140516777494e-001
1.010000000000000e+002 1.616273956700743e-001
1.020000000000000e+002 1.559693686915716e-001
1.030000000000000e+002 1.506123748356044e-001
1.040000000000000e+002 1.455267146348335e-001
1.050000000000000e+002 1.408420878775897e-001
1.060000000000000e+002 1.364681519744488e-001
1.070000000000000e+002 1.324087017670598e-001
1.080000000000000e+002 1.287591713861554e-001
1.090000000000000e+002 1.254889921743128e-001
1.100000000000000e+002 1.225081626280470e-001
1.110000000000000e+002 1.197941676059394e-001
1.120000000000000e+002 1.172492009342183e-001
1.130000000000000e+002 1.147916969584697e-001
1.140000000000000e+002 1.124871815348067e-001
1.150000000000000e+002 1.102028990482024e-001
1.160000000000000e+002 1.079202172978325e-001
1.170000000000000e+002 1.055983403111325e-001
1.180000000000000e+002 1.032667201064248e-001
1.190000000000000e+002 1.008829898175916e-001
1.200000000000000e+002 9.845452202354429e-002
1.210000000000000e+002 9.605846922794567e-002
1.220000000000000e+002 9.365209742076322e-002
1.230000000000000e+002 9.131784385519928e-002
1.240000000000000e+002 8.907504591954397e-002
1.250000000000000e+002 8.695383699896896e-002
1.260000000000000e+002 8.498317361838265e-002
1.270000000000000e+002 8.315414685572330e-002
1.280000000000000e+002 8.155479704968584e-002
1.290000000000000e+002 8.007827236766298e-002
1.300000000000000e+002 7.882129635554844e-002
1.310000000000000e+002 7.767154234459628e-002
1.320000000000000e+002 7.663757141437494e-002
1.330000000000000e+002 7.573186096611503e-002
1.340000000000000e+002 7.492372403780569e-002
1.350000000000000e+002 7.418474849326226e-002
1.360000000000000e+002 7.342077005589447e-002
1.370000000000000e+002 7.276149246338712e-002
1.380000000000000e+002 7.208968094503951e-002
1.390000000000000e+002 7.145353673139901e-002
1.400000000000000e+002 7.082999927041349e-002
1.410000000000000e+002 7.027653630323280e-002
1.420000000000000e+002 6.973631606331512e-002
1.430000000000000e+002 6.919933782895418e-002
1.440000000000000e+002 6.867360549117318e-002
1.450000000000000e+002 6.815680551013208e-002
1.460000000000000e+002 6.759924060966389e-002
1.470000000000000e+002 6.701746948436885e-002
1.480000000000000e+002 6.635508954797903e-002
1.490000000000000e+002 6.562064599505707e-002
1.500000000000000e+002 6.480008649149964e-002
1.510000000000000e+002 6.381591768850156e-002
1.520000000000000e+002 6.275461054713320e-002
1.530000000000000e+002 6.157086765888164e-002
1.540000000000000e+002 6.024754525401101e-002
1.550000000000000e+002 5.876705159027831e-002
1.560000000000000e+002 5.719505777316646e-002
1.570000000000000e+002 5.551384293127906e-002
1.580000000000000e+002 5.375316378539176e-002
1.590000000000000e+002 5.195027089241382e-002
1.600000000000000e+002 5.008020811428552e-002
1.610000000000000e+002 4.822823398841108e-002
1.620000000000000e+002 4.635168163970121e-002
1.630000000000000e+002 4.450597435408381e-002
1.640000000000000e+002 4.269998558104039e-002
1.650000000000000e+002 4.093565697055175e-002
1.660000000000000e+002 3.926804209980736e-002
1.670000000000000e+002 3.768138240356143e-002
1.680000000000000e+002 3.617666757801234e-002
1.690000000000000e+002 3.474448940173745e-002
1.700000000000000e+002 3.341792960350952e-002
1.710000000000000e+002 3.216262475672319e-002
1.720000000000000e+002 3.099746190465311e-002
1.730000000000000e+002 2.989752603965024e-002
1.740000000000000e+002 2.885857499765690e-002
1.750000000000000e+002 2.789132711608059e-002
1.760000000000000e+002 2.698600196351374e-002
1.770000000000000e+002 2.616975407091649e-002
1.780000000000000e+002 2.536448781312524e-002
1.790000000000000e+002 2.462311212793738e-002
1.800000000000000e+002 2.392831913855901e-002
1.810000000000000e+002 2.325206554857256e-002
1.820000000000000e+002 2.256774169547681e-002
1.830000000000000e+002 2.188398868788578e-002
1.840000000000000e+002 2.121786531182339e-002
1.850000000000000e+002 2.057704523377485e-002
1.860000000000000e+002 1.990026112409274e-002
1.870000000000000e+002 1.922002222828912e-002
1.880000000000000e+002 1.853704561133236e-002
1.890000000000000e+002 1.787600052665428e-002
1.900000000000000e+002 1.723580532769002e-002
1.910000000000000e+002 1.663596406494270e-002
1.920000000000000e+002 1.608893172663499e-002
1.930000000000000e+002 1.558995055526800e-002
1.940000000000000e+002 1.516105367263433e-002
1.950000000000000e+002 1.480323757445962e-002
1.960000000000000e+002 1.449869820355240e-002
1.970000000000000e+002 1.424162236740438e-002
1.980000000000000e+002 1.402519079633660e-002
1.990000000000000e+002 1.383631029472805e-002
2.000000000000000e+002 1.363267703471551e-002
2.010000000000000e+002 1.342006883092103e-002
2.020000000000000e+002 1.315875531094470e-002
2.030000000000000e+002 1.284566005025381e-002
2.040000000000000e+002 1.247166549099669e-002
2.050000000000000e+002 1.202978935978743e-002
2.060000000000000e+002 1.151234752808023e-002
2.070000000000000e+002 1.093090633962955e-002
2.080000000000000e+002 1.030171172951042e-002
2.090000000000000e+002 9.633728205769240e-003
2.100000000000000e+002 8.959291124019084e-003
2.110000000000000e+002 8.278432103686870e-003
2.120000000000000e+002 7.630822134390584e-003
2.130000000000000e+002 7.017739265836771e-003
2.140000000000000e+002 6.455961493520353e-003
2.150000000000000e+002 5.957334304504047e-003
2.160000000000000e+002 5.512467179266264e-003
2.170000000000000e+002 5.130073464714960e-003
2.180000000000000e+002 4.812088449891220e-003
2.190000000000000e+002 4.545954139339839e-003
2.200000000000000e+002 4.337601005163918e-003
2.210000000000000e+002 4.159775305198793e-003
2.220000000000000e+002 4.027682681005324e-003
2.230000000000000e+002 3.928070715592018e-003
2.240000000000000e+002 3.846348012910990e-003
2.250000000000000e+002 3.781414248315000e-003
2.260000000000000e+002 3.706987755352632e-003
2.270000000000000e+002 3.672276963002162e-003
2.280000000000000e+002 3.626700012437836e-003
2.290000000000000e+002 3.590803170106151e-003
2.300000000000000e+002 3.550453722336114e-003
2.310000000000000e+002 3.499426382528996e-003
2.320000000000000e+002 3.431872676218115e-003
2.330000000000000e+002 3.350990052816518e-003
2.340000000000000e+002 3.251550780981349e-003
2.350000000000000e+002 3.131135430173241e-003
2.360000000000000e+002 2.996883787614912e-003
2.370000000000000e+002 2.843612860184845e-003
2.380000000000000e+002 2.687142496309430e-003
2.390000000000000e+002 2.513128191636796e-003
2.400000000000000e+002 2.333218195490303e-003
2.410000000000000e+002 2.160133660135628e-003
2.420000000000000e+002 1.991437290305472e-003
2.430000000000000e+002 1.831366712335551e-003
2.440000000000000e+002 1.691776477695843e-003
2.450000000000000e+002 1.570944914291523e-003
2.460000000000000e+002 1.468125707838085e-003
2.470000000000000e+002 1.390922875804922e-003
2.480000000000000e+002 1.332657677279568e-003
2.490000000000000e+002 1.290033989875883e-003
2.500000000000000e+002 1.265631369761725e-003
2.510000000000000e+002 1.252159708513560e-003
2.520000000000000e+002 1.245216195357752e-003
2.530000000000000e+002 1.235171621684063e-003
2.540000000000000e+002 1.232761416615203e-003
2.550000000000000e+002 1.219422928460548e-003
2.560000000000000e+002 1.199804455901597e-003
2.570000000000000e+002 1.170918410899455e-003
2.580000000000000e+002 1.131201840335541e-003
2.590000000000000e+002 1.077395959068980e-003
2.600000000000000e+002 1.016828793912029e-003
2.610000000000000e+002 9.432272083718054e-004
2.620000000000000e+002 8.664275849581916e-004
2.630000000000000e+002 7.864159568129088e-004
2.640000000000000e+002 7.060539425666561e-004
2.650000000000000e+002 6.320895256290820e-004
2.660000000000000e+002 5.648033877507960e-004
2.670000000000000e+002 5.070225910387999e-004
2.680000000000000e+002 4.596851272724155e-004
2.690000000000000e+002 4.233370830194694e-004
2.700000000000000e+002 3.976841842883512e-004
2.710000000000000e+002 3.799763733822129e-004
2.720000000000000e+002 3.727294754353975e-004
2.730000000000000e+002 3.695846137027203e-004
2.740000000000000e+002 3.727085339599046e-004
2.750000000000000e+002 3.778108312141144e-004
2.760000000000000e+002 3.822274541576456e-004
2.770000000000000e+002 3.846633826159076e-004
2.780000000000000e+002 3.838461078704266e-004
2.790000000000000e+002 3.719127382595173e-004
2.800000000000000e+002 3.650598984756226e-004
2.810000000000000e+002 3.527623964839273e-004
2.820000000000000e+002 3.356870698857896e-004
2.830000000000000e+002 3.147187148889126e-004
2.840000000000000e+002 2.908887457866492e-004
2.850000000000000e+002 2.655503302012433e-004
2.860000000000000e+002 2.393396593695199e-004
2.870000000000000e+002 2.135651247168893e-004
2.880000000000000e+002 1.889762632516747e-004
2.890000000000000e+002 1.662222041316779e-004
2.900000000000000e+002 1.457362839355542e-004
2.910000000000000e+002 1.277392842126979e-004
2.920000000000000e+002 1.122616684236210e-004
2.930000000000000e+002 9.917963094373573e-005
2.940000000000000e+002 8.792768878727871e-005
2.950000000000000e+002 7.833668810950146e-005
2.960000000000000e+002 7.113607048744875e-005
2.970000000000000e+002 6.470442630375754e-005
2.980000000000000e+002 6.218892096892517e-005
2.990000000000000e+002 5.903390585254093e-005
3.000000000000000e+002 5.674275657938991e-005
3.010000000000000e+002 5.401794072605074e-005
3.020000000000000e+002 5.484486307369438e-005
3.030000000000000e+002 5.679557838214121e-005
3.040000000000000e+002 6.013502721951991e-005
3.050000000000000e+002 6.510290608197878e-005
3.060000000000000e+002 7.157485229875499e-005
3.070000000000000e+002 8.039567466954041e-005
3.080000000000000e+002 9.108758509906676e-005
3.090000000000000e+002 1.035124040770099e-004
3.100000000000000e+002 1.178764619608253e-004
3.110000000000000e+002 1.329535861206447e-004
3.120000000000000e+002 1.484688436930092e-004
3.130000000000000e+002 1.637010816138209e-004
3.140000000000000e+002 1.778614314206944e-004
3.150000000000000e+002 1.901590770292909e-004
3.160000000000000e+002 1.995430235097534e-004
3.170000000000000e+002 2.062198094269985e-004
3.180000000000000e+002 2.093126121727894e-004
3.190000000000000e+002 2.086921360648983e-004
3.200000000000000e+002 2.044718548022098e-004
3.210000000000000e+002 1.969910544251271e-004
3.220000000000000e+002 1.867724641116663e-004
3.230000000000000e+002 1.744613135223451e-004
3.240000000000000e+002 1.607553164962857e-004
3.250000000000000e+002 1.463359333848636e-004
3.260000000000000e+002 1.316453372911011e-004
3.270000000000000e+002 1.175665512470882e-004
3.280000000000000e+002 1.042081436119124e-004
3.290000000000000e+002 9.179750650093709e-005
3.300000000000000e+002 8.044037019228763e-005
3.310000000000000e+002 7.014815345558416e-005
3.320000000000000e+002 6.086971915978568e-005
3.330000000000000e+002 5.252174689053365e-005
3.340000000000000e+002 4.501342872284293e-005
3.350000000000000e+002 3.826315195732332e-005
3.360000000000000e+002 3.220678507377355e-005
3.370000000000000e+002 2.679875445073736e-005
3.380000000000000e+002 2.200806975573491e-005
3.390000000000000e+002 1.614293584611761e-005
3.400000000000000e+002 1.314057111338170e-005
3.410000000000000e+002 1.046739886671949e-005
3.420000000000000e+002 8.159360446130116e-006
3.430000000000000e+002 6.223952603937118e-006
3.440000000000000e+002 4.645893471468130e-006
3.450000000000000e+002 3.393634221167746e-006
3.460000000000000e+002 2.425792374102427e-006
3.470000000000000e+002 1.696817110583874e-006
3.480000000000000e+002 1.161473367867033e-006
3.490000000000000e+002 7.779940754921394e-007
3.500000000000000e+002 5.099600278831322e-007
3.510000000000000e+002 0.000000000000000e+000
3.520000000000000e+002 0.000000000000000e+000
3.530000000000000e+002 0.000000000000000e+000
3.540000000000000e+002 0.000000000000000e+000
