-3.530000000000000e+002 0.000000000000000e+000
-3.520000000000000e+002 0.000000000000000e+000
-3.510000000000000e+002 0.000000000000000e+000
-3.500000000000000e+002 0.000000000000000e+000
-3.490000000000000e+002 0.000000000000000e+000
-3.480000000000000e+002 0.000000000000000e+000
-3.470000000000000e+002 0.000000000000000e+000
-3.460000000000000e+002 0.000000000000000e+000
-3.450000000000000e+002 0.000000000000000e+000
-3.440000000000000e+002 0.000000000000000e+000
-3.430000000000000e+002 0.000000000000000e+000
-3.420000000000000e+002 0.000000000000000e+000
-3.410000000000000e+002 0.000000000000000e+000
-3.400000000000000e+002 0.000000000000000e+000
-3.390000000000000e+002 0.000000000000000e+000
-3.380000000000000e+002 0.000000000000000e+000
-3.370000000000000e+002 0.000000000000000e+000
-3.360000000000000e+002 0.000000000000000e+000
-3.350000000000000e+002 0.000000000000000e+000
-3.340000000000000e+002 0.000000000000000e+000
-3.330000000000000e+002 0.000000000000000e+000
-3.320000000000000e+002 0.000000000000000e+000
-3.310000000000000e+002 0.000000000000000e+000
-3.300000000000000e+002 0.000000000000000e+000
-3.290000000000000e+002 0.000000000000000e+000
-3.280000000000000e+002 0.000000000000000e+000
-3.270000000000000e+002 0.000000000000000e+000
-3.260000000000000e+002 0.000000000000000e+000
-3.250000000000000e+002 0.000000000000000e+000
-3.240000000000000e+002 0.000000000000000e+000
-3.230000000000000e+002 0.000000000000000e+000
-3.220000000000000e+002 0.000000000000000e+000
-3.210000000000000e+002 0.000000000000000e+000
-3.200000000000000e+002 0.000000000000000e+000
-3.190000000000000e+002 0.000000000000000e+000
-3.180000000000000e+002 0.000000000000000e+000
-3.170000000000000e+002 0.000000000000000e+000
-3.160000000000000e+002 0.000000000000000e+000
-3.150000000000000e+002 0.000000000000000e+000
-3.140000000000000e+002 0.000000000000000e+000
-3.130000000000000e+002 0.000000000000000e+000
-3.120000000000000e+002 0.000000000000000e+000
-3.110000000000000e+002 0.000000000000000e+000
-3.100000000000000e+002 0.000000000000000e+000
-3.090000000000000e+002 0.000000000000000e+000
-3.080000000000000e+002 0.000000000000000e+000
-3.070000000000000e+002 0.000000000000000e+000
-3.060000000000000e+002 0.000000000000000e+000
-3.050000000000000e+002 0.000000000000000e+000
-3.040000000000000e+002 0.000000000000000e+000
-3.030000000000000e+002 0.000000000000000e+000
-3.020000000000000e+002 0.000000000000000e+000
-3.010000000000000e+002 0.000000000000000e+000
-3.000000000000000e+002 0.000000000000000e+000
-2.990000000000000e+002 0.000000000000000e+000
-2.980000000000000e+002 0.000000000000000e+000
-2.970000000000000e+002 0.000000000000000e+000
-2.960000000000000e+002 0.000000000000000e+000
-2.950000000000000e+002 0.000000000000000e+000
-2.940000000000000e+002 0.000000000000000e+000
-2.930000000000000e+002 0.000000000000000e+000
-2.920000000000000e+002 0.000000000000000e+000
-2.910000000000000e+002 0.000000000000000e+000
-2.900000000000000e+002 0.000000000000000e+000
-2.890000000000000e+002 0.000000000000000e+000
-2.880000000000000e+002 0.000000000000000e+000
-2.870000000000000e+002 0.000000000000000e+000
-2.860000000000000e+002 0.000000000000000e+000
-2.850000000000000e+002 0.000000000000000e+000
-2.840000000000000e+002 0.000000000000000e+000
-2.830000000000000e+002 0.000000000000000e+000
-2.820000000000000e+002 0.000000000000000e+000
-2.810000000000000e+002 0.000000000000000e+000
-2.800000000000000e+002 0.000000000000000e+000
-2.790000000000000e+002 0.000000000000000e+000
-2.780000000000000e+002 0.000000000000000e+000
-2.770000000000000e+002 0.000000000000000e+000
-2.760000000000000e+002 0.000000000000000e+000
-2.750000000000000e+002 0.000000000000000e+000
-2.740000000000000e+002 0.000000000000000e+000
-2.730000000000000e+002 0.000000000000000e+000
-2.720000000000000e+002 0.000000000000000e+000
-2.710000000000000e+002 0.000000000000000e+000
-2.700000000000000e+002 0.000000000000000e+000
-2.690000000000000e+002 0.000000000000000e+000
-2.680000000000000e+002 0.000000000000000e+000
-2.670000000000000e+002 0.000000000000000e+000
-2.660000000000000e+002 0.000000000000000e+000
-2.650000000000000e+002 0.000000000000000e+000
-2.640000000000000e+002 0.000000000000000e+000
-2.630000000000000e+002 0.000000000000000e+000
-2.620000000000000e+002 0.000000000000000e+000
-2.610000000000000e+002 0.000000000000000e+000
-2.600000000000000e+002 0.000000000000000e+000
-2.590000000000000e+002 0.000000000000000e+000
-2.580000000000000e+002 0.000000000000000e+000
-2.570000000000000e+002 0.000000000000000e+000
-2.560000000000000e+002 0.000000000000000e+000
-2.550000000000000e+002 0.000000000000000e+000
-2.540000000000000e+002 0.000000000000000e+000
-2.530000000000000e+002 0.000000000000000e+000
-2.520000000000000e+002 0.000000000000000e+000
-2.510000000000000e+002 0.000000000000000e+000
-2.500000000000000e+002 0.000000000000000e+000
-2.490000000000000e+002 0.000000000000000e+000
-2.480000000000000e+002 0.000000000000000e+000
-2.470000000000000e+002 0.000000000000000e+000
-2.460000000000000e+002 0.000000000000000e+000
-2.450000000000000e+002 0.000000000000000e+000
-2.440000000000000e+002 0.000000000000000e+000
-2.430000000000000e+002 0.000000000000000e+000
-2.420000000000000e+002 0.000000000000000e+000
-2.410000000000000e+002 0.000000000000000e+000
-2.400000000000000e+002 0.000000000000000e+000
-2.390000000000000e+002 0.000000000000000e+000
-2.380000000000000e+002 0.000000000000000e+000
-2.370000000000000e+002 0.000000000000000e+000
-2.360000000000000e+002 0.000000000000000e+000
-2.350000000000000e+002 0.000000000000000e+000
-2.340000000000000e+002 0.000000000000000e+000
-2.330000000000000e+002 0.000000000000000e+000
-2.320000000000000e+002 0.000000000000000e+000
-2.310000000000000e+002 0.000000000000000e+000
-2.300000000000000e+002 0.000000000000000e+000
-2.290000000000000e+002 0.000000000000000e+000
-2.280000000000000e+002 0.000000000000000e+000
-2.270000000000000e+002 0.000000000000000e+000
-2.260000000000000e+002 0.000000000000000e+000
-2.250000000000000e+002 0.000000000000000e+000
-2.240000000000000e+002 0.000000000000000e+000
-2.230000000000000e+002 4.489533784192261e-004
-2.220000000000000e+002 1.791580168366914e-003
-2.210000000000000e+002 6.273675323930094e-003
-2.200000000000000e+002 1.685014512804877e-002
-2.190000000000000e+002 3.775673783024183e-002
-2.180000000000000e+002 6.999037449421709e-002
-2.170000000000000e+002 1.178313032359536e-001
-2.160000000000000e+002 1.892495513136875e-001
-2.150000000000000e+002 2.904555866060323e-001
-2.140000000000000e+002 4.310536188107968e-001
-2.130000000000000e+002 6.222079522603950e-001
-2.120000000000000e+002 8.716864912866210e-001
-2.110000000000000e+002 1.194113600542349e+000
-2.100000000000000e+002 1.601248585706981e+000
-2.090000000000000e+002 2.107233480474306e+000
-2.080000000000000e+002 2.723090920304796e+000
-2.070000000000000e+002 3.455687965265285e+000
-2.060000000000000e+002 4.312279240410772e+000
-2.050000000000000e+002 5.294440636303919e+000
-2.040000000000000e+002 6.395297187034825e+000
-2.030000000000000e+002 7.608519667287727e+000
-2.020000000000000e+002 8.920836264176149e+000
-2.010000000000000e+002 1.031198411034343e+001
-2.000000000000000e+002 1.176583772706363e+001
-1.990000000000000e+002 1.325031893178490e+001
-1.980000000000000e+002 1.474525772680130e+001
-1.970000000000000e+002 1.622716217021189e+001
-1.960000000000000e+002 1.768156207157820e+001
-1.950000000000000e+002 1.909091596995921e+001
-1.940000000000000e+002 2.045345783776813e+001
-1.930000000000000e+002 2.176955532408147e+001
-1.920000000000000e+002 2.304855784965395e+001
-1.910000000000000e+002 2.430313525726031e+001
-1.900000000000000e+002 2.555605055346106e+001
-1.890000000000000e+002 2.682520190187540e+001
-1.880000000000000e+002 2.813553278401269e+001
-1.870000000000000e+002 2.952258232053860e+001
-1.860000000000000e+002 3.100887036066595e+001
-1.850000000000000e+002 3.263588804913390e+001
-1.840000000000000e+002 3.441308082922411e+001
-1.830000000000000e+002 3.638547137285212e+001
-1.820000000000000e+002 3.857789818818896e+001
-1.810000000000000e+002 4.104102054690313e+001
-1.800000000000000e+002 4.377234963585219e+001
-1.790000000000000e+002 4.686439401838775e+001
-1.780000000000000e+002 5.037058585723837e+001
-1.770000000000000e+002 5.439157684381156e+001
-1.760000000000000e+002 5.902004272360438e+001
-1.750000000000000e+002 6.432097011484178e+001
-1.740000000000000e+002 7.041857932462131e+001
-1.730000000000000e+002 7.736075120597970e+001
-1.720000000000000e+002 8.518895619832813e+001
-1.710000000000000e+002 9.393421021375366e+001
-1.700000000000000e+002 1.035470308967772e+002
-1.690000000000000e+002 1.139575413350807e+002
-1.680000000000000e+002 1.250003574459623e+002
-1.670000000000000e+002 1.364912522094224e+002
-1.660000000000000e+002 1.482200232961304e+002
-1.650000000000000e+002 1.599160472215585e+002
-1.640000000000000e+002 1.712918261598594e+002
-1.630000000000000e+002 1.820722511792590e+002
-1.620000000000000e+002 1.920094133377913e+002
-1.610000000000000e+002 2.008736110861755e+002
-1.600000000000000e+002 2.084828067331303e+002
-1.590000000000000e+002 2.147084025086413e+002
-1.580000000000000e+002 2.195010954418429e+002
-1.570000000000000e+002 2.228472173730461e+002
-1.560000000000000e+002 2.247840469656234e+002
-1.550000000000000e+002 2.253778826269210e+002
-1.540000000000000e+002 2.247850277590228e+002
-1.530000000000000e+002 2.231288409533334e+002
-1.520000000000000e+002 2.205620760107801e+002
-1.510000000000000e+002 2.172320595946211e+002
-1.500000000000000e+002 2.132737704602657e+002
-1.490000000000000e+002 2.088261997653026e+002
-1.480000000000000e+002 2.040165427664842e+002
-1.470000000000000e+002 1.989330100021799e+002
-1.460000000000000e+002 1.936512355042553e+002
-1.450000000000000e+002 1.882527671880879e+002
-1.440000000000000e+002 1.827752921936018e+002
-1.430000000000000e+002 1.772660171898223e+002
-1.420000000000000e+002 1.717510280410787e+002
-1.410000000000000e+002 1.662670725850325e+002
-1.400000000000000e+002 1.608161618782680e+002
-1.390000000000000e+002 1.554570910570329e+002
-1.380000000000000e+002 1.501538084083061e+002
-1.370000000000000e+002 1.449194248520354e+002
-1.360000000000000e+002 1.397323258228196e+002
-1.350000000000000e+002 1.346000729592641e+002
-1.340000000000000e+002 1.295334241048707e+002
-1.330000000000000e+002 1.244928738781807e+002
-1.320000000000000e+002 1.195072140930949e+002
-1.310000000000000e+002 1.145688604425383e+002
-1.300000000000000e+002 1.096662671361242e+002
-1.290000000000000e+002 1.048299185986690e+002
-1.280000000000000e+002 1.000628902391156e+002
-1.270000000000000e+002 9.539938944343953e+001
-1.260000000000000e+002 9.086847592677034e+001
-1.250000000000000e+002 8.647710043830580e+001
-1.240000000000000e+002 8.226599466569289e+001
-1.230000000000000e+002 7.828048537317319e+001
-1.220000000000000e+002 7.454237694034470e+001
-1.210000000000000e+002 7.104770172946871e+001
-1.200000000000000e+002 6.781968020176038e+001
-1.190000000000000e+002 6.487173149773520e+001
-1.180000000000000e+002 6.218795324744325e+001
-1.170000000000000e+002 5.974899095812005e+001
-1.160000000000000e+002 5.753850145419446e+001
-1.150000000000000e+002 5.553786489557793e+001
-1.140000000000000e+002 5.374211478891544e+001
-1.130000000000000e+002 5.209175137780351e+001
-1.120000000000000e+002 5.058185302651395e+001
-1.110000000000000e+002 4.920639877905175e+001
-1.100000000000000e+002 4.795669459138540e+001
-1.090000000000000e+002 4.683665672217347e+001
-1.080000000000000e+002 4.584363186275303e+001
-1.070000000000000e+002 4.497902660406689e+001
-1.060000000000000e+002 4.428223328641201e+001
-1.050000000000000e+002 4.376199687672381e+001
-1.040000000000000e+002 4.343418230532762e+001
-1.030000000000000e+002 4.334181290275942e+001
-1.020000000000000e+002 4.350111431986840e+001
-1.010000000000000e+002 4.390586166014947e+001
-1.000000000000000e+002 4.455929398135703e+001
-9.900000000000000e+001 4.545307793502362e+001
-9.800000000000000e+001 4.654707729195037e+001
-9.700000000000000e+001 4.781261406291362e+001
-9.600000000000000e+001 4.918973991076148e+001
-9.500000000000000e+001 5.062232736139969e+001
-9.400000000000000e+001 5.203169095074533e+001
-9.300000000000000e+001 5.334834448239412e+001
-9.200000000000000e+001 5.450464957062773e+001
-9.100000000000000e+001 5.543037577004069e+001
-9.000000000000000e+001 5.607079486005299e+001
-8.900000000000000e+001 5.638377078384142e+001
-8.800000000000000e+001 5.634823886933345e+001
-8.700000000000000e+001 5.596668524667849e+001
-8.600000000000000e+001 5.525740360800157e+001
-8.500000000000000e+001 5.423286210353606e+001
-8.400000000000000e+001 5.294243316187732e+001
-8.300000000000000e+001 5.144194251658639e+001
-8.200000000000000e+001 4.977409335077647e+001
-8.100000000000000e+001 4.799142150870201e+001
-8.000000000000000e+001 4.615137810052821e+001
-7.900000000000000e+001 4.429124317681119e+001
-7.800000000000000e+001 4.243911810846767e+001
-7.700000000000000e+001 4.062966625253717e+001
-7.600000000000000e+001 3.887213323005206e+001
-7.500000000000000e+001 3.717471128857234e+001
-7.400000000000000e+001 3.554796109876204e+001
-7.300000000000000e+001 3.397605149494908e+001
-7.200000000000000e+001 3.246659911553795e+001
-7.100000000000000e+001 3.101916985797426e+001
-7.000000000000000e+001 2.962261298284455e+001
-6.900000000000000e+001 2.827824676873408e+001
-6.800000000000000e+001 2.698220498824311e+001
-6.700000000000000e+001 2.572705527193764e+001
-6.600000000000000e+001 2.451377286354120e+001
-6.500000000000000e+001 2.332877715638952e+001
-6.400000000000000e+001 2.217667525595155e+001
-6.300000000000000e+001 2.104759374414247e+001
-6.200000000000000e+001 1.992557703328539e+001
-6.100000000000000e+001 1.881723064272427e+001
-6.000000000000000e+001 1.771709132730603e+001
-5.900000000000000e+001 1.661718140309261e+001
-5.800000000000000e+001 1.551803348111311e+001
-5.700000000000000e+001 1.442243369229567e+001
-5.600000000000000e+001 1.332256987419862e+001
-5.500000000000000e+001 1.223625358127376e+001
-5.400000000000000e+001 1.116035320693416e+001
-5.300000000000000e+001 1.010253520405178e+001
-5.200000000000000e+001 9.073186284765367e+000
-5.100000000000000e+001 8.076818114308569e+000
-5.000000000000000e+001 7.126684884790586e+000
-4.900000000000000e+001 6.235709911067400e+000
-4.800000000000000e+001 5.408511347007339e+000
-4.700000000000000e+001 4.645376921752293e+000
-4.600000000000000e+001 3.950318965432114e+000
-4.500000000000000e+001 3.329642738708230e+000
-4.400000000000000e+001 2.782544765268582e+000
-4.300000000000000e+001 2.305701244220289e+000
-4.200000000000000e+001 1.890336451968071e+000
-4.100000000000000e+001 1.535593957396320e+000
-4.000000000000000e+001 1.237394141522798e+000
-3.900000000000000e+001 9.884071964342899e-001
-3.800000000000000e+001 7.805169089512836e-001
-3.700000000000000e+001 6.087724017657842e-001
-3.600000000000000e+001 4.673542927413367e-001
-3.500000000000000e+001 3.556712248239695e-001
-3.400000000000000e+001 2.685251938264646e-001
-3.300000000000000e+001 1.972506949009892e-001
-3.200000000000000e+001 1.455004360662533e-001
-3.100000000000000e+001 1.066902098092022e-001
-3.000000000000000e+001 7.870006219855802e-002
-2.900000000000000e+001 5.813184128352403e-002
-2.800000000000000e+001 4.305735620140751e-002
-2.700000000000000e+001 3.204286937009766e-002
-2.600000000000000e+001 2.354801403499913e-002
-2.500000000000000e+001 1.864292343553488e-002
-2.400000000000000e+001 1.436779905640435e-002
-2.300000000000000e+001 1.128548369087044e-002
-2.200000000000000e+001 1.026653044559283e-002
-2.100000000000000e+001 9.547040510373743e-003
-2.000000000000000e+001 2.892881636978312e+000
-1.900000000000000e+001 4.408185063996963e+000
-1.800000000000000e+001 6.576227474862713e+000
-1.700000000000000e+001 9.602967796680712e+000
-1.600000000000000e+001 1.372457718908134e+001
-1.500000000000000e+001 1.919696434067815e+001
-1.400000000000000e+001 2.627764564602632e+001
-1.300000000000000e+001 3.520075794460683e+001
-1.200000000000000e+001 4.614467051012098e+001
-1.100000000000000e+001 5.919582268282500e+001
-1.000000000000000e+001 7.431183701988286e+001
-9.000000000000000e+000 9.128947835463376e+001
-8.000000000000000e+000 1.097433454056569e+002
-7.000000000000000e+000 1.291010367576201e+002
-6.000000000000000e+000 1.486191910627968e+002
-5.000000000000000e+000 1.674223376377687e+002
-4.000000000000000e+000 1.845631828414384e+002
-3.000000000000000e+000 1.990993224607438e+002
-2.000000000000000e+000 2.101780523695017e+002
-1.000000000000000e+000 2.171190778122701e+002
0.000000000000000e+000 2.194832952702965e+002
1.000000000000000e+000 2.171189877458664e+002
2.000000000000000e+000 2.101778645725888e+002
3.000000000000000e+000 1.990989196870562e+002
4.000000000000000e+000 1.845626204632278e+002
5.000000000000000e+000 1.674215678457328e+002
6.000000000000000e+000 1.486181579476241e+002
7.000000000000000e+000 1.290996771692296e+002
8.000000000000000e+000 1.097415907092087e+002
9.000000000000000e+000 9.128725717535633e+001
1.000000000000000e+001 7.430907897381201e+001
1.100000000000000e+001 5.919246297030063e+001
1.200000000000000e+001 4.614065511580696e+001
1.300000000000000e+001 3.519604905940832e+001
1.400000000000000e+001 2.627222682305458e+001
1.500000000000000e+001 1.919078182927527e+001
1.600000000000000e+001 1.371769883865108e+001
1.700000000000000e+001 9.595390914637639e+000
1.800000000000000e+001 6.568056705763648e+000
1.900000000000000e+001 4.399506132426037e+000
2.000000000000000e+001 2.883790944737935e+000
2.100000000000000e+001 0.000000000000000e+000
2.200000000000000e+001 0.000000000000000e+000
2.300000000000000e+001 0.000000000000000e+000
2.400000000000000e+001 0.000000000000000e+000
2.500000000000000e+001 0.000000000000000e+000
2.600000000000000e+001 0.000000000000000e+000
2.700000000000000e+001 0.000000000000000e+000
2.800000000000000e+001 0.000000000000000e+000
2.900000000000000e+001 0.000000000000000e+000
3.000000000000000e+001 0.000000000000000e+000
3.100000000000000e+001 0.000000000000000e+000
3.200000000000000e+001 0.000000000000000e+000
3.300000000000000e+001 0.000000000000000e+000
3.400000000000000e+001 0.000000000000000e+000
3.500000000000000e+001 0.000000000000000e+000
3.600000000000000e+001 0.000000000000000e+000
3.700000000000000e+001 0.000000000000000e+000
3.800000000000000e+001 0.000000000000000e+000
3.900000000000000e+001 0.000000000000000e+000
4.000000000000000e+001 0.000000000000000e+000
4.100000000000000e+001 0.000000000000000e+000
4.200000000000000e+001 0.000000000000000e+000
4.300000000000000e+001 0.000000000000000e+000
4.400000000000000e+001 0.000000000000000e+000
4.500000000000000e+001 0.000000000000000e+000
4.600000000000000e+001 0.000000000000000e+000
4.700000000000000e+001 0.000000000000000e+000
4.800000000000000e+001 0.000000000000000e+000
4.900000000000000e+001 0.000000000000000e+000
5.000000000000000e+001 0.000000000000000e+000
5.100000000000000e+001 0.000000000000000e+000
5.200000000000000e+001 0.000000000000000e+000
5.300000000000000e+001 0.000000000000000e+000
5.400000000000000e+001 0.000000000000000e+000
5.500000000000000e+001 0.000000000000000e+000
5.600000000000000e+001 0.000000000000000e+000
5.700000000000000e+001 0.000000000000000e+000
5.800000000000000e+001 0.000000000000000e+000
5.900000000000000e+001 0.000000000000000e+000
6.000000000000000e+001 0.000000000000000e+000
6.100000000000000e+001 0.000000000000000e+000
6.200000000000000e+001 0.000000000000000e+000
6.300000000000000e+001 0.000000000000000e+000
6.400000000000000e+001 0.000000000000000e+000
6.500000000000000e+001 0.000000000000000e+000
6.600000000000000e+001 0.000000000000000e+000
6.700000000000000e+001 0.000000000000000e+000
6.800000000000000e+001 0.000000000000000e+000
6.900000000000000e+001 0.000000000000000e+000
7.000000000000000e+001 0.000000000000000e+000
7.100000000000000e+001 0.000000000000000e+000
7.200000000000000e+001 0.000000000000000e+000
7.300000000000000e+001 0.000000000000000e+000
7.400000000000000e+001 0.000000000000000e+000
7.500000000000000e+001 0.000000000000000e+000
7.600000000000000e+001 0.000000000000000e+000
7.700000000000000e+001 0.000000000000000e+000
7.800000000000000e+001 0.000000000000000e+000
7.900000000000000e+001 0.000000000000000e+000
8.000000000000000e+001 0.000000000000000e+000
8.100000000000000e+001 0.000000000000000e+000
8.200000000000000e+001 0.000000000000000e+000
8.300000000000000e+001 0.000000000000000e+000
8.400000000000000e+001 0.000000000000000e+000
8.500000000000000e+001 0.000000000000000e+000
8.600000000000000e+001 0.000000000000000e+000
8.700000000000000e+001 0.000000000000000e+000
8.800000000000000e+001 0.000000000000000e+000
8.900000000000000e+001 0.000000000000000e+000
9.000000000000000e+001 0.000000000000000e+000
9.100000000000000e+001 0.000000000000000e+000
9.200000000000000e+001 0.000000000000000e+000
9.300000000000000e+001 0.000000000000000e+000
9.400000000000000e+001 0.000000000000000e+000
9.500000000000000e+001 0.000000000000000e+000
9.600000000000000e+001 0.000000000000000e+000
9.700000000000000e+001 0.000000000000000e+000
9.800000000000000e+001 0.000000000000000e+000
9.900000000000000e+001 0.000000000000000e+000
1.000000000000000e+002 0.000000000000000e+000
1.010000000000000e+002 0.000000000000000e+000
1.020000000000000e+002 0.000000000000000e+000
1.030000000000000e+002 0.000000000000000e+000
1.040000000000000e+002 0.000000000000000e+000
1.050000000000000e+002 0.000000000000000e+000
1.060000000000000e+002 0.000000000000000e+000
1.070000000000000e+002 0.000000000000000e+000
1.080000000000000e+002 0.000000000000000e+000
1.090000000000000e+002 0.000000000000000e+000
1.100000000000000e+002 0.000000000000000e+000
1.110000000000000e+002 0.000000000000000e+000
1.120000000000000e+002 0.000000000000000e+000
1.130000000000000e+002 0.000000000000000e+000
1.140000000000000e+002 0.000000000000000e+000
1.150000000000000e+002 0.000000000000000e+000
1.160000000000000e+002 0.000000000000000e+000
1.170000000000000e+002 0.000000000000000e+000
1.180000000000000e+002 0.000000000000000e+000
1.190000000000000e+002 0.000000000000000e+000
1.200000000000000e+002 0.000000000000000e+000
1.210000000000000e+002 0.000000000000000e+000
1.220000000000000e+002 0.000000000000000e+000
1.230000000000000e+002 0.000000000000000e+000
1.240000000000000e+002 0.000000000000000e+000
1.250000000000000e+002 0.000000000000000e+000
1.260000000000000e+002 0.000000000000000e+000
1.270000000000000e+002 0.000000000000000e+000
1.280000000000000e+002 0.000000000000000e+000
1.290000000000000e+002 0.000000000000000e+000
1.300000000000000e+002 0.000000000000000e+000
1.310000000000000e+002 0.000000000000000e+000
1.320000000000000e+002 0.000000000000000e+000
1.330000000000000e+002 0.000000000000000e+000
1.340000000000000e+002 0.000000000000000e+000
1.350000000000000e+002 0.000000000000000e+000
1.360000000000000e+002 0.000000000000000e+000
1.370000000000000e+002 0.000000000000000e+000
1.380000000000000e+002 0.000000000000000e+000
1.390000000000000e+002 0.000000000000000e+000
1.400000000000000e+002 0.000000000000000e+000
1.410000000000000e+002 0.000000000000000e+000
1.420000000000000e+002 0.000000000000000e+000
1.430000000000000e+002 0.000000000000000e+000
1.440000000000000e+002 0.000000000000000e+000
1.450000000000000e+002 0.000000000000000e+000
1.460000000000000e+002 0.000000000000000e+000
1.470000000000000e+002 0.000000000000000e+000
1.480000000000000e+002 0.000000000000000e+000
1.490000000000000e+002 0.000000000000000e+000
1.500000000000000e+002 0.000000000000000e+000
1.510000000000000e+002 0.000000000000000e+000
1.520000000000000e+002 0.000000000000000e+000
1.530000000000000e+002 0.000000000000000e+000
1.540000000000000e+002 0.000000000000000e+000
1.550000000000000e+002 0.000000000000000e+000
1.560000000000000e+002 0.000000000000000e+000
1.570000000000000e+002 0.000000000000000e+000
1.580000000000000e+002 0.000000000000000e+000
1.590000000000000e+002 0.000000000000000e+000
1.600000000000000e+002 0.000000000000000e+000
1.610000000000000e+002 0.000000000000000e+000
1.620000000000000e+002 0.000000000000000e+000
1.630000000000000e+002 0.000000000000000e+000
1.640000000000000e+002 0.000000000000000e+000
1.650000000000000e+002 0.000000000000000e+000
1.660000000000000e+002 0.000000000000000e+000
1.670000000000000e+002 0.000000000000000e+000
1.680000000000000e+002 0.000000000000000e+000
1.690000000000000e+002 0.000000000000000e+000
1.700000000000000e+002 0.000000000000000e+000
1.710000000000000e+002 0.000000000000000e+000
1.720000000000000e+002 0.000000000000000e+000
1.730000000000000e+002 0.000000000000000e+000
1.740000000000000e+002 0.000000000000000e+000
1.750000000000000e+002 0.000000000000000e+000
1.760000000000000e+002 0.000000000000000e+000
1.770000000000000e+002 0.000000000000000e+000
1.780000000000000e+002 0.000000000000000e+000
1.790000000000000e+002 0.000000000000000e+000
1.800000000000000e+002 0.000000000000000e+000
1.810000000000000e+002 0.000000000000000e+000
1.820000000000000e+002 0.000000000000000e+000
1.830000000000000e+002 0.000000000000000e+000
1.840000000000000e+002 0.000000000000000e+000
1.850000000000000e+002 0.000000000000000e+000
1.860000000000000e+002 0.000000000000000e+000
1.870000000000000e+002 0.000000000000000e+000
1.880000000000000e+002 0.000000000000000e+000
1.890000000000000e+002 0.000000000000000e+000
1.900000000000000e+002 0.000000000000000e+000
1.910000000000000e+002 0.000000000000000e+000
1.920000000000000e+002 0.000000000000000e+000
1.930000000000000e+002 0.000000000000000e+000
1.940000000000000e+002 0.000000000000000e+000
1.950000000000000e+002 0.000000000000000e+000
1.960000000000000e+002 0.000000000000000e+000
1.970000000000000e+002 0.000000000000000e+000
1.980000000000000e+002 0.000000000000000e+000
1.990000000000000e+002 0.000000000000000e+000
2.000000000000000e+002 0.000000000000000e+000
2.010000000000000e+002 0.000000000000000e+000
2.020000000000000e+002 0.000000000000000e+000
2.030000000000000e+002 0.000000000000000e+000
2.040000000000000e+002 0.000000000000000e+000
2.050000000000000e+002 0.000000000000000e+000
2.060000000000000e+002 0.000000000000000e+000
2.070000000000000e+002 0.000000000000000e+000
2.080000000000000e+002 0.000000000000000e+000
2.090000000000000e+002 0.000000000000000e+000
2.100000000000000e+002 0.000000000000000e+000
2.110000000000000e+002 0.000000000000000e+000
2.120000000000000e+002 0.000000000000000e+000
2.130000000000000e+002 0.000000000000000e+000
2.140000000000000e+002 0.000000000000000e+000
2.150000000000000e+002 0.000000000000000e+000
2.160000000000000e+002 0.000000000000000e+000
2.170000000000000e+002 0.000000000000000e+000
2.180000000000000e+002 0.000000000000000e+000
2.190000000000000e+002 0.000000000000000e+000
2.200000000000000e+002 0.000000000000000e+000
2.210000000000000e+002 0.000000000000000e+000
2.220000000000000e+002 0.000000000000000e+000
2.230000000000000e+002 0.000000000000000e+000
2.240000000000000e+002 0.000000000000000e+000
2.250000000000000e+002 0.000000000000000e+000
2.260000000000000e+002 0.000000000000000e+000
2.270000000000000e+002 0.000000000000000e+000
2.280000000000000e+002 0.000000000000000e+000
2.290000000000000e+002 0.000000000000000e+000
2.300000000000000e+002 0.000000000000000e+000
2.310000000000000e+002 0.000000000000000e+000
2.320000000000000e+002 0.000000000000000e+000
2.330000000000000e+002 0.000000000000000e+000
2.340000000000000e+002 0.000000000000000e+000
2.350000000000000e+002 0.000000000000000e+000
2.360000000000000e+002 0.000000000000000e+000
2.370000000000000e+002 0.000000000000000e+000
2.380000000000000e+002 0.000000000000000e+000
2.390000000000000e+002 0.000000000000000e+000
2.400000000000000e+002 0.000000000000000e+000
2.410000000000000e+002 0.000000000000000e+000
2.420000000000000e+002 0.000000000000000e+000
2.430000000000000e+002 0.000000000000000e+000
2.440000000000000e+002 0.000000000000000e+000
2.450000000000000e+002 0.000000000000000e+000
2.460000000000000e+002 0.000000000000000e+000
2.470000000000000e+002 0.000000000000000e+000
2.480000000000000e+002 0.000000000000000e+000
2.490000000000000e+002 0.000000000000000e+000
2.500000000000000e+002 0.000000000000000e+000
2.510000000000000e+002 0.000000000000000e+000
2.520000000000000e+002 0.000000000000000e+000
2.530000000000000e+002 0.000000000000000e+000
2.540000000000000e+002 0.000000000000000e+000
2.550000000000000e+002 0.000000000000000e+000
2.560000000000000e+002 0.000000000000000e+000
2.570000000000000e+002 0.000000000000000e+000
2.580000000000000e+002 0.000000000000000e+000
2.590000000000000e+002 0.000000000000000e+000
2.600000000000000e+002 0.000000000000000e+000
2.610000000000000e+002 0.000000000000000e+000
2.620000000000000e+002 0.000000000000000e+000
2.630000000000000e+002 0.000000000000000e+000
2.640000000000000e+002 0.000000000000000e+000
2.650000000000000e+002 0.000000000000000e+000
2.660000000000000e+002 0.000000000000000e+000
2.670000000000000e+002 0.000000000000000e+000
2.680000000000000e+002 0.000000000000000e+000
2.690000000000000e+002 0.000000000000000e+000
2.700000000000000e+002 0.000000000000000e+000
2.710000000000000e+002 0.000000000000000e+000
2.720000000000000e+002 0.000000000000000e+000
2.730000000000000e+002 0.000000000000000e+000
2.740000000000000e+002 0.000000000000000e+000
2.750000000000000e+002 0.000000000000000e+000
2.760000000000000e+002 0.000000000000000e+000
2.770000000000000e+002 0.000000000000000e+000
2.780000000000000e+002 0.000000000000000e+000
2.790000000000000e+002 0.000000000000000e+000
2.800000000000000e+002 0.000000000000000e+000
2.810000000000000e+002 0.000000000000000e+000
2.820000000000000e+002 0.000000000000000e+000
2.830000000000000e+002 0.000000000000000e+000
2.840000000000000e+002 0.000000000000000e+000
2.850000000000000e+002 0.000000000000000e+000
2.860000000000000e+002 0.000000000000000e+000
2.870000000000000e+002 0.000000000000000e+000
2.880000000000000e+002 0.000000000000000e+000
2.890000000000000e+002 0.000000000000000e+000
2.900000000000000e+002 0.000000000000000e+000
2.910000000000000e+002 0.000000000000000e+000
2.920000000000000e+002 0.000000000000000e+000
2.930000000000000e+002 0.000000000000000e+000
2.940000000000000e+002 0.000000000000000e+000
2.950000000000000e+002 0.000000000000000e+000
2.960000000000000e+002 0.000000000000000e+000
2.970000000000000e+002 0.000000000000000e+000
2.980000000000000e+002 0.000000000000000e+000
2.990000000000000e+002 0.000000000000000e+000
3.000000000000000e+002 0.000000000000000e+000
3.010000000000000e+002 0.000000000000000e+000
3.020000000000000e+002 0.000000000000000e+000
3.030000000000000e+002 0.000000000000000e+000
3.040000000000000e+002 0.000000000000000e+000
3.050000000000000e+002 0.000000000000000e+000
3.060000000000000e+002 0.000000000000000e+000
3.070000000000000e+002 0.000000000000000e+000
3.080000000000000e+002 0.000000000000000e+000
3.090000000000000e+002 0.000000000000000e+000
3.100000000000000e+002 0.000000000000000e+000
3.110000000000000e+002 0.000000000000000e+000
3.120000000000000e+002 0.000000000000000e+000
3.130000000000000e+002 0.000000000000000e+000
3.140000000000000e+002 0.000000000000000e+000
3.150000000000000e+002 0.000000000000000e+000
3.160000000000000e+002 0.000000000000000e+000
3.170000000000000e+002 0.000000000000000e+000
3.180000000000000e+002 0.000000000000000e+000
3.190000000000000e+002 0.000000000000000e+000
3.200000000000000e+002 0.000000000000000e+000
3.210000000000000e+002 0.000000000000000e+000
3.220000000000000e+002 0.000000000000000e+000
3.230000000000000e+002 0.000000000000000e+000
3.240000000000000e+002 0.000000000000000e+000
3.250000000000000e+002 0.000000000000000e+000
3.260000000000000e+002 0.000000000000000e+000
3.270000000000000e+002 0.000000000000000e+000
3.280000000000000e+002 0.000000000000000e+000
3.290000000000000e+002 0.000000000000000e+000
3.300000000000000e+002 0.000000000000000e+000
3.310000000000000e+002 0.000000000000000e+000
3.320000000000000e+002 0.000000000000000e+000
3.330000000000000e+002 0.000000000000000e+000
3.340000000000000e+002 0.000000000000000e+000
3.350000000000000e+002 0.000000000000000e+000
3.360000000000000e+002 0.000000000000000e+000
3.370000000000000e+002 0.000000000000000e+000
3.380000000000000e+002 0.000000000000000e+000
3.390000000000000e+002 0.000000000000000e+000
3.400000000000000e+002 0.000000000000000e+000
3.410000000000000e+002 0.000000000000000e+000
3.420000000000000e+002 0.000000000000000e+000
3.430000000000000e+002 0.000000000000000e+000
3.440000000000000e+002 0.000000000000000e+000
3.450000000000000e+002 0.000000000000000e+000
3.460000000000000e+002 0.000000000000000e+000
3.470000000000000e+002 0.000000000000000e+000
3.480000000000000e+002 0.000000000000000e+000
3.490000000000000e+002 0.000000000000000e+000
3.500000000000000e+002 0.000000000000000e+000
3.510000000000000e+002 0.000000000000000e+000
3.520000000000000e+002 0.000000000000000e+000
3.530000000000000e+002 0.000000000000000e+000
3.540000000000000e+002 0.000000000000000e+000
