-3.530000000000000e+002 0.000000000000000e+000
-3.520000000000000e+002 0.000000000000000e+000
-3.510000000000000e+002 0.000000000000000e+000
-3.500000000000000e+002 0.000000000000000e+000
-3.490000000000000e+002 0.000000000000000e+000
-3.480000000000000e+002 0.000000000000000e+000
-3.470000000000000e+002 0.000000000000000e+000
-3.460000000000000e+002 0.000000000000000e+000
-3.450000000000000e+002 0.000000000000000e+000
-3.440000000000000e+002 0.000000000000000e+000
-3.430000000000000e+002 0.000000000000000e+000
-3.420000000000000e+002 0.000000000000000e+000
-3.410000000000000e+002 0.000000000000000e+000
-3.400000000000000e+002 0.000000000000000e+000
-3.390000000000000e+002 0.000000000000000e+000
-3.380000000000000e+002 0.000000000000000e+000
-3.370000000000000e+002 0.000000000000000e+000
-3.360000000000000e+002 0.000000000000000e+000
-3.350000000000000e+002 0.000000000000000e+000
-3.340000000000000e+002 0.000000000000000e+000
-3.330000000000000e+002 0.000000000000000e+000
-3.320000000000000e+002 0.000000000000000e+000
-3.310000000000000e+002 0.000000000000000e+000
-3.300000000000000e+002 0.000000000000000e+000
-3.290000000000000e+002 0.000000000000000e+000
-3.280000000000000e+002 0.000000000000000e+000
-3.270000000000000e+002 0.000000000000000e+000
-3.260000000000000e+002 0.000000000000000e+000
-3.250000000000000e+002 0.000000000000000e+000
-3.240000000000000e+002 0.000000000000000e+000
-3.230000000000000e+002 0.000000000000000e+000
-3.220000000000000e+002 0.000000000000000e+000
-3.210000000000000e+002 0.000000000000000e+000
-3.200000000000000e+002 0.000000000000000e+000
-3.190000000000000e+002 0.000000000000000e+000
-3.180000000000000e+002 0.000000000000000e+000
-3.170000000000000e+002 0.000000000000000e+000
-3.160000000000000e+002 0.000000000000000e+000
-3.150000000000000e+002 0.000000000000000e+000
-3.140000000000000e+002 0.000000000000000e+000
-3.130000000000000e+002 0.000000000000000e+000
-3.120000000000000e+002 0.000000000000000e+000
-3.110000000000000e+002 0.000000000000000e+000
-3.100000000000000e+002 0.000000000000000e+000
-3.090000000000000e+002 0.000000000000000e+000
-3.080000000000000e+002 0.000000000000000e+000
-3.070000000000000e+002 0.000000000000000e+000
-3.060000000000000e+002 0.000000000000000e+000
-3.050000000000000e+002 0.000000000000000e+000
-3.040000000000000e+002 0.000000000000000e+000
-3.030000000000000e+002 0.000000000000000e+000
-3.020000000000000e+002 0.000000000000000e+000
-3.010000000000000e+002 0.000000000000000e+000
-3.000000000000000e+002 0.000000000000000e+000
-2.990000000000000e+002 0.000000000000000e+000
-2.980000000000000e+002 0.000000000000000e+000
-2.970000000000000e+002 0.000000000000000e+000
-2.960000000000000e+002 0.000000000000000e+000
-2.950000000000000e+002 0.000000000000000e+000
-2.940000000000000e+002 0.000000000000000e+000
-2.930000000000000e+002 0.000000000000000e+000
-2.920000000000000e+002 0.000000000000000e+000
-2.910000000000000e+002 0.000000000000000e+000
-2.900000000000000e+002 0.000000000000000e+000
-2.890000000000000e+002 0.000000000000000e+000
-2.880000000000000e+002 0.000000000000000e+000
-2.870000000000000e+002 0.000000000000000e+000
-2.860000000000000e+002 0.000000000000000e+000
-2.850000000000000e+002 0.000000000000000e+000
-2.840000000000000e+002 0.000000000000000e+000
-2.830000000000000e+002 0.000000000000000e+000
-2.820000000000000e+002 0.000000000000000e+000
-2.810000000000000e+002 0.000000000000000e+000
-2.800000000000000e+002 0.000000000000000e+000
-2.790000000000000e+002 0.000000000000000e+000
-2.780000000000000e+002 0.000000000000000e+000
-2.770000000000000e+002 0.000000000000000e+000
-2.760000000000000e+002 0.000000000000000e+000
-2.750000000000000e+002 0.000000000000000e+000
-2.740000000000000e+002 0.000000000000000e+000
-2.730000000000000e+002 0.000000000000000e+000
-2.720000000000000e+002 0.000000000000000e+000
-2.710000000000000e+002 0.000000000000000e+000
-2.700000000000000e+002 0.000000000000000e+000
-2.690000000000000e+002 0.000000000000000e+000
-2.680000000000000e+002 0.000000000000000e+000
-2.670000000000000e+002 0.000000000000000e+000
-2.660000000000000e+002 0.000000000000000e+000
-2.650000000000000e+002 0.000000000000000e+000
-2.640000000000000e+002 0.000000000000000e+000
-2.630000000000000e+002 0.000000000000000e+000
-2.620000000000000e+002 0.000000000000000e+000
-2.610000000000000e+002 0.000000000000000e+000
-2.600000000000000e+002 0.000000000000000e+000
-2.590000000000000e+002 0.000000000000000e+000
-2.580000000000000e+002 0.000000000000000e+000
-2.570000000000000e+002 0.000000000000000e+000
-2.560000000000000e+002 0.000000000000000e+000
-2.550000000000000e+002 0.000000000000000e+000
-2.540000000000000e+002 0.000000000000000e+000
-2.530000000000000e+002 0.000000000000000e+000
-2.520000000000000e+002 0.000000000000000e+000
-2.510000000000000e+002 0.000000000000000e+000
-2.500000000000000e+002 0.000000000000000e+000
-2.490000000000000e+002 0.000000000000000e+000
-2.480000000000000e+002 0.000000000000000e+000
-2.470000000000000e+002 0.000000000000000e+000
-2.460000000000000e+002 0.000000000000000e+000
-2.450000000000000e+002 0.000000000000000e+000
-2.440000000000000e+002 0.000000000000000e+000
-2.430000000000000e+002 0.000000000000000e+000
-2.420000000000000e+002 0.000000000000000e+000
-2.410000000000000e+002 0.000000000000000e+000
-2.400000000000000e+002 0.000000000000000e+000
-2.390000000000000e+002 0.000000000000000e+000
-2.380000000000000e+002 0.000000000000000e+000
-2.370000000000000e+002 0.000000000000000e+000
-2.360000000000000e+002 0.000000000000000e+000
-2.350000000000000e+002 0.000000000000000e+000
-2.340000000000000e+002 0.000000000000000e+000
-2.330000000000000e+002 0.000000000000000e+000
-2.320000000000000e+002 0.000000000000000e+000
-2.310000000000000e+002 0.000000000000000e+000
-2.300000000000000e+002 0.000000000000000e+000
-2.290000000000000e+002 0.000000000000000e+000
-2.280000000000000e+002 0.000000000000000e+000
-2.270000000000000e+002 0.000000000000000e+000
-2.260000000000000e+002 0.000000000000000e+000
-2.250000000000000e+002 0.000000000000000e+000
-2.240000000000000e+002 0.000000000000000e+000
-2.230000000000000e+002 8.967800829092597e-006
-2.220000000000000e+002 3.428502510042365e-004
-2.210000000000000e+002 2.359358689921725e-003
-2.200000000000000e+002 6.141187420321252e-003
-2.190000000000000e+002 1.349505485498466e-002
-2.180000000000000e+002 2.646742282179702e-002
-2.170000000000000e+002 4.415405070565388e-002
-2.160000000000000e+002 7.248335361139654e-002
-2.150000000000000e+002 1.124540069698726e-001
-2.140000000000000e+002 1.675133638571644e-001
-2.130000000000000e+002 2.424193201344596e-001
-2.120000000000000e+002 3.402510975109591e-001
-2.110000000000000e+002 4.674258266703852e-001
-2.100000000000000e+002 6.288680453096309e-001
-2.090000000000000e+002 8.318431086164755e-001
-2.080000000000000e+002 1.078427910005898e+000
-2.070000000000000e+002 1.373680344402313e+000
-2.060000000000000e+002 1.719854301038662e+000
-2.050000000000000e+002 2.119190906697185e+000
-2.040000000000000e+002 2.569079922368498e+000
-2.030000000000000e+002 3.067317236936606e+000
-2.020000000000000e+002 3.611288589223151e+000
-2.010000000000000e+002 4.192391545396022e+000
-2.000000000000000e+002 4.808546116167284e+000
-1.990000000000000e+002 5.452887227426513e+000
-1.980000000000000e+002 6.120751514267471e+000
-1.970000000000000e+002 6.805158798222397e+000
-1.960000000000000e+002 7.509695961596995e+000
-1.950000000000000e+002 8.238841703424367e+000
-1.940000000000000e+002 8.994300757328320e+000
-1.930000000000000e+002 9.797520689892892e+000
-1.920000000000000e+002 1.066255012498817e+001
-1.910000000000000e+002 1.162607097950317e+001
-1.900000000000000e+002 1.272252293332222e+001
-1.890000000000000e+002 1.399353606554550e+001
-1.880000000000000e+002 1.547203315758298e+001
-1.870000000000000e+002 1.720545037802950e+001
-1.860000000000000e+002 1.923420065001062e+001
-1.850000000000000e+002 2.160833571452501e+001
-1.840000000000000e+002 2.437543862166017e+001
-1.830000000000000e+002 2.756864170883410e+001
-1.820000000000000e+002 3.123047064079465e+001
-1.810000000000000e+002 3.537881793730047e+001
-1.800000000000000e+002 4.005213642864013e+001
-1.790000000000000e+002 4.526633690474288e+001
-1.780000000000000e+002 5.106636197911501e+001
-1.770000000000000e+002 5.746262039467189e+001
-1.760000000000000e+002 6.444288590605028e+001
-1.750000000000000e+002 7.201359865008853e+001
-1.740000000000000e+002 8.013367436215459e+001
-1.730000000000000e+002 8.878582225988374e+001
-1.720000000000000e+002 9.796029622368965e+001
-1.710000000000000e+002 1.075926226892293e+002
-1.700000000000000e+002 1.176571836639606e+002
-1.690000000000000e+002 1.281081657924591e+002
-1.680000000000000e+002 1.388497422987417e+002
-1.670000000000000e+002 1.497973441416655e+002
-1.660000000000000e+002 1.608713509180560e+002
-1.650000000000000e+002 1.719607228786548e+002
-1.640000000000000e+002 1.829404950300137e+002
-1.630000000000000e+002 1.936742384815864e+002
-1.620000000000000e+002 2.040179490845094e+002
-1.610000000000000e+002 2.138406949031827e+002
-1.600000000000000e+002 2.229900174658187e+002
-1.590000000000000e+002 2.313158810947207e+002
-1.580000000000000e+002 2.386926034867024e+002
-1.570000000000000e+002 2.449910657070508e+002
-1.560000000000000e+002 2.501342013393519e+002
-1.550000000000000e+002 2.540670268516866e+002
-1.540000000000000e+002 2.567737147533407e+002
-1.530000000000000e+002 2.582683499112817e+002
-1.520000000000000e+002 2.585905693288727e+002
-1.510000000000000e+002 2.578288258757556e+002
-1.500000000000000e+002 2.560533021160263e+002
-1.490000000000000e+002 2.533907087945341e+002
-1.480000000000000e+002 2.499414304799134e+002
-1.470000000000000e+002 2.458457837832087e+002
-1.460000000000000e+002 2.411716150959826e+002
-1.450000000000000e+002 2.360298292263535e+002
-1.440000000000000e+002 2.304887591734237e+002
-1.430000000000000e+002 2.246117356892788e+002
-1.420000000000000e+002 2.184490385090604e+002
-1.410000000000000e+002 2.120385270421257e+002
-1.400000000000000e+002 2.054223292366557e+002
-1.390000000000000e+002 1.986329639088708e+002
-1.380000000000000e+002 1.917088772974254e+002
-1.370000000000000e+002 1.846808269043440e+002
-1.360000000000000e+002 1.776162412428709e+002
-1.350000000000000e+002 1.706057493129963e+002
-1.340000000000000e+002 1.637012693549506e+002
-1.330000000000000e+002 1.570123894288508e+002
-1.320000000000000e+002 1.506004589564633e+002
-1.310000000000000e+002 1.445266108299589e+002
-1.300000000000000e+002 1.388827923868204e+002
-1.290000000000000e+002 1.336985883873349e+002
-1.280000000000000e+002 1.290417765002859e+002
-1.270000000000000e+002 1.249542576011846e+002
-1.260000000000000e+002 1.214645674422612e+002
-1.250000000000000e+002 1.185600067294884e+002
-1.240000000000000e+002 1.162335104931820e+002
-1.230000000000000e+002 1.144671560147507e+002
-1.220000000000000e+002 1.132202413660747e+002
-1.210000000000000e+002 1.124154418349588e+002
-1.200000000000000e+002 1.119712803271266e+002
-1.190000000000000e+002 1.118170342343510e+002
-1.180000000000000e+002 1.118501442670507e+002
-1.170000000000000e+002 1.119828568912995e+002
-1.160000000000000e+002 1.121217774982403e+002
-1.150000000000000e+002 1.121524368975098e+002
-1.140000000000000e+002 1.119953868743139e+002
-1.130000000000000e+002 1.115623947717785e+002
-1.120000000000000e+002 1.108086163829159e+002
-1.110000000000000e+002 1.096908604139912e+002
-1.100000000000000e+002 1.081819905860733e+002
-1.090000000000000e+002 1.063067836025348e+002
-1.080000000000000e+002 1.040694690316876e+002
-1.070000000000000e+002 1.015203408347850e+002
-1.060000000000000e+002 9.870638602593581e+001
-1.050000000000000e+002 9.570093879113722e+001
-1.040000000000000e+002 9.254937280517478e+001
-1.030000000000000e+002 8.933236400263928e+001
-1.020000000000000e+002 8.611775511199538e+001
-1.010000000000000e+002 8.296520006734168e+001
-1.000000000000000e+002 7.991795766701156e+001
-9.900000000000000e+001 7.701324618588326e+001
-9.800000000000000e+001 7.425461062901451e+001
-9.700000000000000e+001 7.167576132281157e+001
-9.600000000000000e+001 6.925326251495503e+001
-9.500000000000000e+001 6.696582659285059e+001
-9.400000000000000e+001 6.478780905800929e+001
-9.300000000000000e+001 6.270285008747675e+001
-9.200000000000000e+001 6.066543442106514e+001
-9.100000000000000e+001 5.865438910292421e+001
-9.000000000000000e+001 5.665216787660822e+001
-8.900000000000000e+001 5.465369507740731e+001
-8.800000000000000e+001 5.267776908111976e+001
-8.700000000000000e+001 5.073336572790956e+001
-8.600000000000000e+001 4.886564488110593e+001
-8.500000000000000e+001 4.711018523789102e+001
-8.400000000000000e+001 4.550787438254495e+001
-8.300000000000000e+001 4.410706517043111e+001
-8.200000000000000e+001 4.294555261718421e+001
-8.100000000000000e+001 4.205277343650444e+001
-8.000000000000000e+001 4.145256013038640e+001
-7.900000000000000e+001 4.113695343774472e+001
-7.800000000000000e+001 4.107852409384839e+001
-7.700000000000000e+001 4.124799637767206e+001
-7.600000000000000e+001 4.157737897304496e+001
-7.500000000000000e+001 4.200764776844124e+001
-7.400000000000000e+001 4.247512980262756e+001
-7.300000000000000e+001 4.289630045083662e+001
-7.200000000000000e+001 4.322223570099131e+001
-7.100000000000000e+001 4.338467346047475e+001
-7.000000000000000e+001 4.334739265482689e+001
-6.900000000000000e+001 4.308613828017379e+001
-6.800000000000000e+001 4.258031134327624e+001
-6.700000000000000e+001 4.183437028722201e+001
-6.600000000000000e+001 4.086603334847382e+001
-6.500000000000000e+001 3.968806120996886e+001
-6.400000000000000e+001 3.834617580058249e+001
-6.300000000000000e+001 3.686070682599428e+001
-6.200000000000000e+001 3.525650153769492e+001
-6.100000000000000e+001 3.356406249505500e+001
-6.000000000000000e+001 3.181622205710591e+001
-5.900000000000000e+001 3.003568190922676e+001
-5.800000000000000e+001 2.824372357583649e+001
-5.700000000000000e+001 2.646105777993294e+001
-5.600000000000000e+001 2.468646654726420e+001
-5.500000000000000e+001 2.294683980012368e+001
-5.400000000000000e+001 2.125487290711432e+001
-5.300000000000000e+001 1.961111956994485e+001
-5.200000000000000e+001 1.801818967209995e+001
-5.100000000000000e+001 1.649319932139381e+001
-5.000000000000000e+001 1.503974205216992e+001
-4.900000000000000e+001 1.366649630079118e+001
-4.800000000000000e+001 1.238535826997330e+001
-4.700000000000000e+001 1.119571512642072e+001
-4.600000000000000e+001 1.010172439583661e+001
-4.500000000000000e+001 9.120389053174382e+000
-4.400000000000000e+001 8.243031114219958e+000
-4.300000000000000e+001 7.479071692503227e+000
-4.200000000000000e+001 6.821519228296507e+000
-4.100000000000000e+001 6.264020638084962e+000
-4.000000000000000e+001 5.803513271156070e+000
-3.900000000000000e+001 5.433660335019376e+000
-3.800000000000000e+001 5.140592118343589e+000
-3.700000000000000e+001 4.919952797863773e+000
-3.600000000000000e+001 4.758865133959128e+000
-3.500000000000000e+001 4.645211207274746e+000
-3.400000000000000e+001 4.570263634926466e+000
-3.300000000000000e+001 4.518609139858826e+000
-3.200000000000000e+001 4.482830146746739e+000
-3.100000000000000e+001 4.451352695400977e+000
-3.000000000000000e+001 4.421873696104122e+000
-2.900000000000000e+001 4.384207729958612e+000
-2.800000000000000e+001 4.333285871691057e+000
-2.700000000000000e+001 4.267602390456142e+000
-2.600000000000000e+001 4.185475950906396e+000
-2.500000000000000e+001 4.084454003660507e+000
-2.400000000000000e+001 3.965147033025204e+000
-2.300000000000000e+001 3.827325062063152e+000
-2.200000000000000e+001 3.674837228156682e+000
-2.100000000000000e+001 3.506075496598027e+000
-2.000000000000000e+001 5.798591525737274e+000
-1.900000000000000e+001 6.907120464988763e+000
-1.800000000000000e+001 8.569687763853079e+000
-1.700000000000000e+001 1.096558072721859e+001
-1.600000000000000e+001 1.430211957073879e+001
-1.500000000000000e+001 1.880126368591833e+001
-1.400000000000000e+001 2.468959120589180e+001
-1.300000000000000e+001 3.216951446138232e+001
-1.200000000000000e+001 4.140070718740392e+001
-1.100000000000000e+001 5.246245289874415e+001
-1.000000000000000e+001 6.532291678530120e+001
-9.000000000000000e+000 7.981192404979905e+001
-8.000000000000000e+000 9.559911477744731e+001
-7.000000000000000e+000 1.121954727265270e+002
-6.000000000000000e+000 1.289642175455093e+002
-5.000000000000000e+000 1.451549798196357e+002
-4.000000000000000e+000 1.599492287728002e+002
-3.000000000000000e+000 1.725366078657341e+002
-2.000000000000000e+000 1.821781198639563e+002
-1.000000000000000e+000 1.882862903576784e+002
0.000000000000000e+000 1.904752722654046e+002
1.000000000000000e+000 1.886065514163853e+002
2.000000000000000e+000 1.828032545908763e+002
3.000000000000000e+000 1.734339812978109e+002
4.000000000000000e+000 1.610774498469319e+002
5.000000000000000e+000 1.464610736395969e+002
6.000000000000000e+000 1.303905326308912e+002
7.000000000000000e+000 1.136775317985836e+002
8.000000000000000e+000 9.707439384188882e+001
9.000000000000000e+000 8.122018124656655e+001
1.000000000000000e+001 6.660992581491094e+001
1.100000000000000e+001 5.357759883304950e+001
1.200000000000000e+001 4.230248879596589e+001
1.300000000000000e+001 3.282514620919827e+001
1.400000000000000e+001 2.507558791503753e+001
1.500000000000000e+001 1.890371177021850e+001
1.600000000000000e+001 1.411101358764011e+001
1.700000000000000e+001 1.047844293175906e+001
1.800000000000000e+001 7.787600127694201e+000
1.900000000000000e+001 5.836423187664121e+000
2.000000000000000e+001 4.448044267580633e+000
2.100000000000000e+001 1.887851625096000e+000
2.200000000000000e+001 1.804702751853227e+000
2.300000000000000e+001 1.722445334450022e+000
2.400000000000000e+001 1.641431998392227e+000
2.500000000000000e+001 1.561176678985942e+000
2.600000000000000e+001 1.483551960340101e+000
2.700000000000000e+001 1.407202861209741e+000
2.800000000000000e+001 1.335236431176787e+000
2.900000000000000e+001 1.265097774149589e+000
3.000000000000000e+001 1.197132829369500e+000
3.100000000000000e+001 1.131821903367921e+000
3.200000000000000e+001 1.069701421179868e+000
3.300000000000000e+001 1.011357428684269e+000
3.400000000000000e+001 9.570880941503549e-001
3.500000000000000e+001 9.063759432919684e-001
3.600000000000000e+001 8.595068137854862e-001
3.700000000000000e+001 8.164630475948985e-001
3.800000000000000e+001 7.769136206135968e-001
3.900000000000000e+001 7.406172803698360e-001
4.000000000000000e+001 7.078421274601855e-001
4.100000000000000e+001 6.780585079378750e-001
4.200000000000000e+001 6.510831398851747e-001
4.300000000000000e+001 6.260981052948255e-001
4.400000000000000e+001 6.037351139402629e-001
4.500000000000000e+001 5.832075089112836e-001
4.600000000000000e+001 5.644610708675923e-001
4.700000000000000e+001 5.473400093968407e-001
4.800000000000000e+001 5.317071806518786e-001
4.900000000000000e+001 5.171783435535116e-001
5.000000000000000e+001 5.036862751639422e-001
5.100000000000000e+001 4.909484809838307e-001
5.200000000000000e+001 4.789862330192390e-001
5.300000000000000e+001 4.672549507918996e-001
5.400000000000000e+001 4.558141285121903e-001
5.500000000000000e+001 4.444133495744255e-001
5.600000000000000e+001 4.333389914931995e-001
5.700000000000000e+001 4.225221204595229e-001
5.800000000000000e+001 4.118668996898137e-001
5.900000000000000e+001 4.011461222687991e-001
6.000000000000000e+001 3.904135146273318e-001
6.100000000000000e+001 3.800128662392457e-001
6.200000000000000e+001 3.696786657325752e-001
6.300000000000000e+001 3.595808066419853e-001
6.400000000000000e+001 3.495934655495784e-001
6.500000000000000e+001 3.396098975881204e-001
6.600000000000000e+001 3.299747976208221e-001
6.700000000000000e+001 3.204883395224793e-001
6.800000000000000e+001 3.114058536482708e-001
6.900000000000000e+001 3.025704868541420e-001
7.000000000000000e+001 2.942483769670945e-001
7.100000000000000e+001 2.863867713250514e-001
7.200000000000000e+001 2.790372083397414e-001
7.300000000000000e+001 2.720105601708854e-001
7.400000000000000e+001 2.656936105045948e-001
7.500000000000000e+001 2.597316063783360e-001
7.600000000000000e+001 2.543160898950897e-001
7.700000000000000e+001 2.492781671377279e-001
7.800000000000000e+001 2.446438756397901e-001
7.900000000000000e+001 2.401582930497163e-001
8.000000000000000e+001 2.359107277803649e-001
8.100000000000000e+001 2.316790108218938e-001
8.200000000000000e+001 2.274124611458261e-001
8.300000000000000e+001 2.232176542699865e-001
8.400000000000000e+001 2.189314088298079e-001
8.500000000000000e+001 2.145307632645771e-001
8.600000000000000e+001 2.100588334174602e-001
8.700000000000000e+001 2.055137952759803e-001
8.800000000000000e+001 2.008292868591020e-001
8.900000000000000e+001 1.959523313860322e-001
9.000000000000000e+001 1.910161022502431e-001
9.100000000000000e+001 1.860341494317218e-001
9.200000000000000e+001 1.809988784806865e-001
9.300000000000000e+001 1.759741062282446e-001
9.400000000000000e+001 1.709236064052885e-001
9.500000000000000e+001 1.660082794993795e-001
9.600000000000000e+001 1.613073729706963e-001
9.700000000000000e+001 1.568350508303359e-001
9.800000000000000e+001 1.526138053852359e-001
9.900000000000000e+001 1.487798486849818e-001
1.000000000000000e+002 1.453329274476563e-001
1.010000000000000e+002 1.422740894077710e-001
1.020000000000000e+002 1.395196327864638e-001
1.030000000000000e+002 1.371851500311135e-001
1.040000000000000e+002 1.351702246606930e-001
1.050000000000000e+002 1.333770300523419e-001
1.060000000000000e+002 1.317939960705801e-001
1.070000000000000e+002 1.302389092751537e-001
1.080000000000000e+002 1.286173265739356e-001
1.090000000000000e+002 1.268690581924855e-001
1.100000000000000e+002 1.250042504604327e-001
1.110000000000000e+002 1.229645223986084e-001
1.120000000000000e+002 1.206360624397813e-001
1.130000000000000e+002 1.180088399703915e-001
1.140000000000000e+002 1.151551294338654e-001
1.150000000000000e+002 1.120788055140109e-001
1.160000000000000e+002 1.087795026528241e-001
1.170000000000000e+002 1.053596715127584e-001
1.180000000000000e+002 1.018318644851146e-001
1.190000000000000e+002 9.822225459653634e-002
1.200000000000000e+002 9.463300428144607e-002
1.210000000000000e+002 9.110914144846710e-002
1.220000000000000e+002 8.767991514125052e-002
1.230000000000000e+002 8.437877243653703e-002
1.240000000000000e+002 8.125769607056638e-002
1.250000000000000e+002 7.835898169328440e-002
1.260000000000000e+002 7.567028245768392e-002
1.270000000000000e+002 7.315453226155955e-002
1.280000000000000e+002 7.077255221334010e-002
1.290000000000000e+002 6.862808075851651e-002
1.300000000000000e+002 6.660798292846921e-002
1.310000000000000e+002 6.473792164150763e-002
1.320000000000000e+002 6.299265178726599e-002
1.330000000000000e+002 6.135644462204880e-002
1.340000000000000e+002 5.977440798653889e-002
1.350000000000000e+002 5.829939633924896e-002
1.360000000000000e+002 5.685860199799333e-002
1.370000000000000e+002 5.547404257178654e-002
1.380000000000000e+002 5.418039752323112e-002
1.390000000000000e+002 5.292458884370739e-002
1.400000000000000e+002 5.172767257454500e-002
1.410000000000000e+002 5.058300718635578e-002
1.420000000000000e+002 4.945185307347257e-002
1.430000000000000e+002 4.833358120995899e-002
1.440000000000000e+002 4.722837711491857e-002
1.450000000000000e+002 4.611126387312665e-002
1.460000000000000e+002 4.497922491753931e-002
1.470000000000000e+002 4.383599860272230e-002
1.480000000000000e+002 4.269935370252099e-002
1.490000000000000e+002 4.152273862174351e-002
1.500000000000000e+002 4.033172446341888e-002
1.510000000000000e+002 3.913305915351015e-002
1.520000000000000e+002 3.792613860524341e-002
1.530000000000000e+002 3.673513050827876e-002
1.540000000000000e+002 3.556177435367421e-002
1.550000000000000e+002 3.442248886608174e-002
1.560000000000000e+002 3.327942621299046e-002
1.570000000000000e+002 3.218538411268889e-002
1.580000000000000e+002 3.112627303837361e-002
1.590000000000000e+002 3.010479393510056e-002
1.600000000000000e+002 2.913914635027728e-002
1.610000000000000e+002 2.818203300369635e-002
1.620000000000000e+002 2.727698326917777e-002
1.630000000000000e+002 2.641098096798646e-002
1.640000000000000e+002 2.558714729261806e-002
1.650000000000000e+002 2.480960756827772e-002
1.660000000000000e+002 2.407054987251354e-002
1.670000000000000e+002 2.335854106356849e-002
1.680000000000000e+002 2.268398398708658e-002
1.690000000000000e+002 2.202934923301090e-002
1.700000000000000e+002 2.138888573611224e-002
1.710000000000000e+002 2.077764692273015e-002
1.720000000000000e+002 2.014076710904896e-002
1.730000000000000e+002 1.948487339359009e-002
1.740000000000000e+002 1.879351486428524e-002
1.750000000000000e+002 1.807450196138456e-002
1.760000000000000e+002 1.732738363607795e-002
1.770000000000000e+002 1.656105162523363e-002
1.780000000000000e+002 1.576750993993762e-002
1.790000000000000e+002 1.495006783256939e-002
1.800000000000000e+002 1.414132894657768e-002
1.810000000000000e+002 1.335459256236502e-002
1.820000000000000e+002 1.257341303656139e-002
1.830000000000000e+002 1.184121886192524e-002
1.840000000000000e+002 1.113757139371650e-002
1.850000000000000e+002 1.047875397885235e-002
1.860000000000000e+002 9.859445971988866e-003
1.870000000000000e+002 9.274397378171434e-003
1.880000000000000e+002 8.737586636792092e-003
1.890000000000000e+002 8.227272535367428e-003
1.900000000000000e+002 7.758726641548475e-003
1.910000000000000e+002 7.317477484753344e-003
1.920000000000000e+002 6.888824856800103e-003
1.930000000000000e+002 6.490922449137937e-003
1.940000000000000e+002 6.121636737865727e-003
1.950000000000000e+002 5.778383580866852e-003
1.960000000000000e+002 5.447772441078571e-003
1.970000000000000e+002 5.155977329996704e-003
1.980000000000000e+002 4.883747818266345e-003
1.990000000000000e+002 4.644073062717956e-003
2.000000000000000e+002 4.424073028292712e-003
2.010000000000000e+002 4.235652745923365e-003
2.020000000000000e+002 4.071881603772126e-003
2.030000000000000e+002 3.933144685987790e-003
2.040000000000000e+002 3.808275510197428e-003
2.050000000000000e+002 3.700417225957536e-003
2.060000000000000e+002 3.609926521582014e-003
2.070000000000000e+002 3.526357924129384e-003
2.080000000000000e+002 3.447804844686839e-003
2.090000000000000e+002 3.387618043426770e-003
2.100000000000000e+002 3.324125108235929e-003
2.110000000000000e+002 3.264405279205191e-003
2.120000000000000e+002 3.190205459468990e-003
2.130000000000000e+002 3.126174659638832e-003
2.140000000000000e+002 3.056763757783283e-003
2.150000000000000e+002 2.984715792647346e-003
2.160000000000000e+002 2.902479425591520e-003
2.170000000000000e+002 2.810253627165631e-003
2.180000000000000e+002 2.708384416182084e-003
2.190000000000000e+002 2.606180796172080e-003
2.200000000000000e+002 2.497485955356965e-003
2.210000000000000e+002 2.385872566301980e-003
2.220000000000000e+002 2.267954359359256e-003
2.230000000000000e+002 2.153251170821940e-003
2.240000000000000e+002 2.035501346269820e-003
2.250000000000000e+002 1.926101145370502e-003
2.260000000000000e+002 1.821623903848305e-003
2.270000000000000e+002 1.722119279953729e-003
2.280000000000000e+002 1.630940361779186e-003
2.290000000000000e+002 1.549372774702704e-003
2.300000000000000e+002 1.475381115676728e-003
2.310000000000000e+002 1.411812731145841e-003
2.320000000000000e+002 1.354548996586801e-003
2.330000000000000e+002 1.305200952775536e-003
2.340000000000000e+002 1.262657598302433e-003
2.350000000000000e+002 1.225184115840026e-003
2.360000000000000e+002 1.193545561454123e-003
2.370000000000000e+002 1.164262009813354e-003
2.380000000000000e+002 1.132649799232490e-003
2.390000000000000e+002 1.110059675253856e-003
2.400000000000000e+002 1.083086227219573e-003
2.410000000000000e+002 1.061254236211322e-003
2.420000000000000e+002 1.037248700054199e-003
2.430000000000000e+002 1.015249699814853e-003
2.440000000000000e+002 9.910151921765653e-004
2.450000000000000e+002 9.686606373790830e-004
2.460000000000000e+002 9.435288437305695e-004
2.470000000000000e+002 9.192808603768069e-004
2.480000000000000e+002 8.936199457820880e-004
2.490000000000000e+002 8.671723137868967e-004
2.500000000000000e+002 8.369941644737715e-004
2.510000000000000e+002 8.073446942006377e-004
2.520000000000000e+002 7.742231918666211e-004
2.530000000000000e+002 7.411174897330896e-004
2.540000000000000e+002 7.067122414887125e-004
2.550000000000000e+002 6.707984826922163e-004
2.560000000000000e+002 6.346104767873539e-004
2.570000000000000e+002 5.985902576788004e-004
2.580000000000000e+002 5.622439226932235e-004
2.590000000000000e+002 5.260747865680238e-004
2.600000000000000e+002 4.875633981806735e-004
2.610000000000000e+002 4.549079714259346e-004
2.620000000000000e+002 4.236918953289008e-004
2.630000000000000e+002 3.943387765763578e-004
2.640000000000000e+002 3.683217326600615e-004
2.650000000000000e+002 3.456452826267173e-004
2.660000000000000e+002 3.273943990891196e-004
2.670000000000000e+002 3.111561195142189e-004
2.680000000000000e+002 3.014548213725171e-004
2.690000000000000e+002 2.953538222497068e-004
2.700000000000000e+002 2.911896736957039e-004
2.710000000000000e+002 2.914868392466905e-004
2.720000000000000e+002 2.932771114456735e-004
2.730000000000000e+002 2.939554097772303e-004
2.740000000000000e+002 2.964169209556302e-004
2.750000000000000e+002 2.973875064289910e-004
2.760000000000000e+002 2.962343921752117e-004
2.770000000000000e+002 2.925213799151591e-004
2.780000000000000e+002 2.860451026262754e-004
2.790000000000000e+002 2.768393355048458e-004
2.800000000000000e+002 2.630553297450942e-004
2.810000000000000e+002 2.500704805689772e-004
2.820000000000000e+002 2.352480751636511e-004
2.830000000000000e+002 2.192211336798619e-004
2.840000000000000e+002 2.025739037078682e-004
2.850000000000000e+002 1.854671666337782e-004
2.860000000000000e+002 1.690806318777556e-004
2.870000000000000e+002 1.531809771629101e-004
2.880000000000000e+002 1.379482481014841e-004
2.890000000000000e+002 1.234686148659206e-004
2.900000000000000e+002 1.094915694746707e-004
2.910000000000000e+002 9.673251920155581e-005
2.920000000000000e+002 8.472993244581573e-005
2.930000000000000e+002 7.349851857255685e-005
2.940000000000000e+002 6.306178391955032e-005
2.950000000000000e+002 5.345209394421826e-005
2.960000000000000e+002 4.470542819140260e-005
2.970000000000000e+002 3.512392054776715e-005
2.980000000000000e+002 2.882941241341640e-005
2.990000000000000e+002 2.322330217113512e-005
3.000000000000000e+002 1.835517818953355e-005
3.010000000000000e+002 1.391924595477643e-005
3.020000000000000e+002 1.061418096762916e-005
3.030000000000000e+002 7.941074608396508e-006
3.040000000000000e+002 5.821265563647305e-006
3.050000000000000e+002 4.180938131347833e-006
3.060000000000000e+002 5.703023586221090e-006
3.070000000000000e+002 5.909251076650407e-006
3.080000000000000e+002 7.450248591241823e-006
3.090000000000000e+002 9.965377703269054e-006
3.100000000000000e+002 1.364436620730374e-005
3.110000000000000e+002 1.837476725614009e-005
3.120000000000000e+002 2.515510089524889e-005
3.130000000000000e+002 3.369947173364809e-005
3.140000000000000e+002 4.417870029168740e-005
3.150000000000000e+002 5.667552995353569e-005
3.160000000000000e+002 7.114936969784426e-005
3.170000000000000e+002 8.740561583007267e-005
3.180000000000000e+002 1.050752494368899e-004
3.190000000000000e+002 1.236102073344594e-004
3.200000000000000e+002 1.422987393956842e-004
3.210000000000000e+002 1.603026062299380e-004
3.220000000000000e+002 1.767148011667382e-004
3.230000000000000e+002 1.906329998821213e-004
3.240000000000000e+002 2.012408071619704e-004
3.250000000000000e+002 2.078867604726297e-004
3.260000000000000e+002 2.101504988737789e-004
3.270000000000000e+002 2.078867604726330e-004
3.280000000000000e+002 2.012408071619770e-004
3.290000000000000e+002 1.906329998821312e-004
3.300000000000000e+002 1.767148011667511e-004
3.310000000000000e+002 1.603026062299536e-004
3.320000000000000e+002 1.422987393957023e-004
3.330000000000000e+002 1.236102073344795e-004
3.340000000000000e+002 1.050752494369115e-004
3.350000000000000e+002 8.740561583009503e-005
3.360000000000000e+002 7.114936969786677e-005
3.370000000000000e+002 5.667552995355774e-005
3.380000000000000e+002 4.417870029170847e-005
3.390000000000000e+002 3.369947173366797e-005
3.400000000000000e+002 2.515510089526666e-005
3.410000000000000e+002 1.837476725615553e-005
3.420000000000000e+002 1.313440617962673e-005
3.430000000000000e+002 9.187383628081986e-006
3.440000000000000e+002 6.288775223822338e-006
3.450000000000000e+002 4.212433966714412e-006
3.460000000000000e+002 2.761168768237167e-006
3.470000000000000e+002 5.607388555200552e-018
3.480000000000000e+002 4.185656854795445e-018
3.490000000000000e+002 3.057450289752434e-018
3.500000000000000e+002 2.185485857850237e-018
3.510000000000000e+002 1.528725144876218e-018
3.520000000000000e+002 1.046414213698862e-018
3.530000000000000e+002 7.009235694000687e-019
3.540000000000000e+002 4.594418058634882e-019
