-3.530000000000000e+002 0.000000000000000e+000
-3.520000000000000e+002 0.000000000000000e+000
-3.510000000000000e+002 0.000000000000000e+000
-3.500000000000000e+002 0.000000000000000e+000
-3.490000000000000e+002 0.000000000000000e+000
-3.480000000000000e+002 0.000000000000000e+000
-3.470000000000000e+002 0.000000000000000e+000
-3.460000000000000e+002 0.000000000000000e+000
-3.450000000000000e+002 0.000000000000000e+000
-3.440000000000000e+002 0.000000000000000e+000
-3.430000000000000e+002 0.000000000000000e+000
-3.420000000000000e+002 0.000000000000000e+000
-3.410000000000000e+002 0.000000000000000e+000
-3.400000000000000e+002 0.000000000000000e+000
-3.390000000000000e+002 0.000000000000000e+000
-3.380000000000000e+002 0.000000000000000e+000
-3.370000000000000e+002 0.000000000000000e+000
-3.360000000000000e+002 0.000000000000000e+000
-3.350000000000000e+002 0.000000000000000e+000
-3.340000000000000e+002 0.000000000000000e+000
-3.330000000000000e+002 0.000000000000000e+000
-3.320000000000000e+002 0.000000000000000e+000
-3.310000000000000e+002 0.000000000000000e+000
-3.300000000000000e+002 0.000000000000000e+000
-3.290000000000000e+002 0.000000000000000e+000
-3.280000000000000e+002 0.000000000000000e+000
-3.270000000000000e+002 0.000000000000000e+000
-3.260000000000000e+002 0.000000000000000e+000
-3.250000000000000e+002 0.000000000000000e+000
-3.240000000000000e+002 0.000000000000000e+000
-3.230000000000000e+002 0.000000000000000e+000
-3.220000000000000e+002 0.000000000000000e+000
-3.210000000000000e+002 0.000000000000000e+000
-3.200000000000000e+002 0.000000000000000e+000
-3.190000000000000e+002 0.000000000000000e+000
-3.180000000000000e+002 0.000000000000000e+000
-3.170000000000000e+002 0.000000000000000e+000
-3.160000000000000e+002 0.000000000000000e+000
-3.150000000000000e+002 0.000000000000000e+000
-3.140000000000000e+002 0.000000000000000e+000
-3.130000000000000e+002 0.000000000000000e+000
-3.120000000000000e+002 0.000000000000000e+000
-3.110000000000000e+002 0.000000000000000e+000
-3.100000000000000e+002 0.000000000000000e+000
-3.090000000000000e+002 0.000000000000000e+000
-3.080000000000000e+002 0.000000000000000e+000
-3.070000000000000e+002 0.000000000000000e+000
-3.060000000000000e+002 0.000000000000000e+000
-3.050000000000000e+002 0.000000000000000e+000
-3.040000000000000e+002 0.000000000000000e+000
-3.030000000000000e+002 0.000000000000000e+000
-3.020000000000000e+002 0.000000000000000e+000
-3.010000000000000e+002 0.000000000000000e+000
-3.000000000000000e+002 0.000000000000000e+000
-2.990000000000000e+002 0.000000000000000e+000
-2.980000000000000e+002 0.000000000000000e+000
-2.970000000000000e+002 0.000000000000000e+000
-2.960000000000000e+002 0.000000000000000e+000
-2.950000000000000e+002 0.000000000000000e+000
-2.940000000000000e+002 0.000000000000000e+000
-2.930000000000000e+002 0.000000000000000e+000
-2.920000000000000e+002 0.000000000000000e+000
-2.910000000000000e+002 0.000000000000000e+000
-2.900000000000000e+002 0.000000000000000e+000
-2.890000000000000e+002 0.000000000000000e+000
-2.880000000000000e+002 0.000000000000000e+000
-2.870000000000000e+002 0.000000000000000e+000
-2.860000000000000e+002 0.000000000000000e+000
-2.850000000000000e+002 0.000000000000000e+000
-2.840000000000000e+002 0.000000000000000e+000
-2.830000000000000e+002 0.000000000000000e+000
-2.820000000000000e+002 0.000000000000000e+000
-2.810000000000000e+002 0.000000000000000e+000
-2.800000000000000e+002 0.000000000000000e+000
-2.790000000000000e+002 0.000000000000000e+000
-2.780000000000000e+002 0.000000000000000e+000
-2.770000000000000e+002 0.000000000000000e+000
-2.760000000000000e+002 0.000000000000000e+000
-2.750000000000000e+002 0.000000000000000e+000
-2.740000000000000e+002 0.000000000000000e+000
-2.730000000000000e+002 0.000000000000000e+000
-2.720000000000000e+002 0.000000000000000e+000
-2.710000000000000e+002 0.000000000000000e+000
-2.700000000000000e+002 0.000000000000000e+000
-2.690000000000000e+002 0.000000000000000e+000
-2.680000000000000e+002 0.000000000000000e+000
-2.670000000000000e+002 0.000000000000000e+000
-2.660000000000000e+002 0.000000000000000e+000
-2.650000000000000e+002 0.000000000000000e+000
-2.640000000000000e+002 0.000000000000000e+000
-2.630000000000000e+002 0.000000000000000e+000
-2.620000000000000e+002 0.000000000000000e+000
-2.610000000000000e+002 0.000000000000000e+000
-2.600000000000000e+002 0.000000000000000e+000
-2.590000000000000e+002 0.000000000000000e+000
-2.580000000000000e+002 0.000000000000000e+000
-2.570000000000000e+002 0.000000000000000e+000
-2.560000000000000e+002 0.000000000000000e+000
-2.550000000000000e+002 0.000000000000000e+000
-2.540000000000000e+002 0.000000000000000e+000
-2.530000000000000e+002 0.000000000000000e+000
-2.520000000000000e+002 0.000000000000000e+000
-2.510000000000000e+002 0.000000000000000e+000
-2.500000000000000e+002 0.000000000000000e+000
-2.490000000000000e+002 0.000000000000000e+000
-2.480000000000000e+002 0.000000000000000e+000
-2.470000000000000e+002 0.000000000000000e+000
-2.460000000000000e+002 0.000000000000000e+000
-2.450000000000000e+002 0.000000000000000e+000
-2.440000000000000e+002 0.000000000000000e+000
-2.430000000000000e+002 0.000000000000000e+000
-2.420000000000000e+002 0.000000000000000e+000
-2.410000000000000e+002 0.000000000000000e+000
-2.400000000000000e+002 0.000000000000000e+000
-2.390000000000000e+002 0.000000000000000e+000
-2.380000000000000e+002 0.000000000000000e+000
-2.370000000000000e+002 0.000000000000000e+000
-2.360000000000000e+002 0.000000000000000e+000
-2.350000000000000e+002 0.000000000000000e+000
-2.340000000000000e+002 0.000000000000000e+000
-2.330000000000000e+002 0.000000000000000e+000
-2.320000000000000e+002 0.000000000000000e+000
-2.310000000000000e+002 0.000000000000000e+000
-2.300000000000000e+002 0.000000000000000e+000
-2.290000000000000e+002 0.000000000000000e+000
-2.280000000000000e+002 0.000000000000000e+000
-2.270000000000000e+002 0.000000000000000e+000
-2.260000000000000e+002 0.000000000000000e+000
-2.250000000000000e+002 0.000000000000000e+000
-2.240000000000000e+002 0.000000000000000e+000
-2.230000000000000e+002 8.967800829092597e-006
-2.220000000000000e+002 2.856561660488307e-004
-2.210000000000000e+002 2.272103499680232e-003
-2.200000000000000e+002 5.919068036468077e-003
-2.190000000000000e+002 1.275218266036723e-002
-2.180000000000000e+002 2.496934840992817e-002
-2.170000000000000e+002 4.176638292733969e-002
-2.160000000000000e+002 6.843667201706453e-002
-2.150000000000000e+002 1.057281716244150e-001
-2.140000000000000e+002 1.571484228902949e-001
-2.130000000000000e+002 2.272839409065694e-001
-2.120000000000000e+002 3.184218852968784e-001
-2.110000000000000e+002 4.369704768904886e-001
-2.100000000000000e+002 5.873774916363949e-001
-2.090000000000000e+002 7.761442589252588e-001
-2.080000000000000e+002 1.005561671340971e+000
-2.070000000000000e+002 1.279728288601532e+000
-2.060000000000000e+002 1.600965541733490e+000
-2.050000000000000e+002 1.970571009918230e+000
-2.040000000000000e+002 2.386832091968869e+000
-2.030000000000000e+002 2.847518304499870e+000
-2.020000000000000e+002 3.349767555002246e+000
-2.010000000000000e+002 3.885758943436051e+000
-2.000000000000000e+002 4.454438178714622e+000
-1.990000000000000e+002 5.048693449860941e+000
-1.980000000000000e+002 5.665260504198093e+000
-1.970000000000000e+002 6.297089544816302e+000
-1.960000000000000e+002 6.947965992577064e+000
-1.950000000000000e+002 7.622203441358560e+000
-1.940000000000000e+002 8.321780650439662e+000
-1.930000000000000e+002 9.067302567365340e+000
-1.920000000000000e+002 9.871254640018563e+000
-1.910000000000000e+002 1.076747405445671e+001
-1.900000000000000e+002 1.178741667235112e+001
-1.890000000000000e+002 1.296964360087338e+001
-1.880000000000000e+002 1.434370903794370e+001
-1.870000000000000e+002 1.594766361297057e+001
-1.860000000000000e+002 1.782203114476966e+001
-1.850000000000000e+002 2.000849806936882e+001
-1.840000000000000e+002 2.254726270852324e+001
-1.830000000000000e+002 2.546771302768831e+001
-1.820000000000000e+002 2.880519865487283e+001
-1.810000000000000e+002 3.257052597542717e+001
-1.800000000000000e+002 3.679555009707317e+001
-1.790000000000000e+002 4.149117021193529e+001
-1.780000000000000e+002 4.669880249579330e+001
-1.770000000000000e+002 5.241931986376645e+001
-1.760000000000000e+002 5.863914048566733e+001
-1.750000000000000e+002 6.536552724287363e+001
-1.740000000000000e+002 7.255826224384157e+001
-1.730000000000000e+002 8.019968699582205e+001
-1.720000000000000e+002 8.828668434630796e+001
-1.710000000000000e+002 9.675671027567078e+001
-1.700000000000000e+002 1.055908828278465e+002
-1.690000000000000e+002 1.147504456771175e+002
-1.680000000000000e+002 1.241462408012285e+002
-1.670000000000000e+002 1.337076425222691e+002
-1.660000000000000e+002 1.433607732376200e+002
-1.650000000000000e+002 1.530066020334470e+002
-1.640000000000000e+002 1.625301677059132e+002
-1.630000000000000e+002 1.718068071612718e+002
-1.620000000000000e+002 1.807083726805983e+002
-1.610000000000000e+002 1.891167346189640e+002
-1.600000000000000e+002 1.968908600207711e+002
-1.590000000000000e+002 2.038971299752391e+002
-1.580000000000000e+002 2.100250977792429e+002
-1.570000000000000e+002 2.151620018192572e+002
-1.560000000000000e+002 2.192430467313118e+002
-1.550000000000000e+002 2.222279785505490e+002
-1.540000000000000e+002 2.241096846325603e+002
-1.530000000000000e+002 2.249102494168975e+002
-1.520000000000000e+002 2.246738089146347e+002
-1.510000000000000e+002 2.234925832016485e+002
-1.500000000000000e+002 2.214342818299708e+002
-1.490000000000000e+002 2.186221408981078e+002
-1.480000000000000e+002 2.151495604557558e+002
-1.470000000000000e+002 2.111501248548835e+002
-1.460000000000000e+002 2.066842459052704e+002
-1.450000000000000e+002 2.018508358113519e+002
-1.440000000000000e+002 1.967078350913604e+002
-1.430000000000000e+002 1.913108452501257e+002
-1.420000000000000e+002 1.856998331815279e+002
-1.410000000000000e+002 1.799030222755602e+002
-1.400000000000000e+002 1.739574827648699e+002
-1.390000000000000e+002 1.678884331168852e+002
-1.380000000000000e+002 1.617224178139384e+002
-1.370000000000000e+002 1.554854519049434e+002
-1.360000000000000e+002 1.492400857641750e+002
-1.350000000000000e+002 1.430664830559694e+002
-1.340000000000000e+002 1.370069572182529e+002
-1.330000000000000e+002 1.311614505760213e+002
-1.320000000000000e+002 1.255842912065947e+002
-1.310000000000000e+002 1.203231136789584e+002
-1.300000000000000e+002 1.154661748907423e+002
-1.290000000000000e+002 1.110318183963726e+002
-1.280000000000000e+002 1.070787857818957e+002
-1.270000000000000e+002 1.036438992366469e+002
-1.260000000000000e+002 1.007441559990234e+002
-1.250000000000000e+002 9.836446712497360e+001
-1.240000000000000e+002 9.649565243306363e+001
-1.230000000000000e+002 9.511642816403705e+001
-1.220000000000000e+002 9.418629762100359e+001
-1.210000000000000e+002 9.363032450012832e+001
-1.200000000000000e+002 9.337438848804810e+001
-1.190000000000000e+002 9.335755109689428e+001
-1.180000000000000e+002 9.348341085294362e+001
-1.170000000000000e+002 9.367670318338880e+001
-1.160000000000000e+002 9.385288314164750e+001
-1.150000000000000e+002 9.391397479807641e+001
-1.140000000000000e+002 9.378958913559357e+001
-1.130000000000000e+002 9.340541988806046e+001
-1.120000000000000e+002 9.272695087359291e+001
-1.110000000000000e+002 9.171963458337204e+001
-1.100000000000000e+002 9.036216740013549e+001
-1.090000000000000e+002 8.868586798586202e+001
-1.080000000000000e+002 8.669313978570217e+001
-1.070000000000000e+002 8.443695077476133e+001
-1.060000000000000e+002 8.195916848158762e+001
-1.050000000000000e+002 7.932973637856186e+001
-1.040000000000000e+002 7.658739155413123e+001
-1.030000000000000e+002 7.380777565650428e+001
-1.020000000000000e+002 7.104789775870687e+001
-1.010000000000000e+002 6.836015463185305e+001
-1.000000000000000e+002 6.578206915039540e+001
-9.900000000000000e+001 6.334136254817357e+001
-9.800000000000000e+001 6.103620322597579e+001
-9.700000000000000e+001 5.889966639541866e+001
-9.600000000000000e+001 5.689816789397606e+001
-9.500000000000000e+001 5.501274775136896e+001
-9.400000000000000e+001 5.321499309484771e+001
-9.300000000000000e+001 5.148852581218447e+001
-9.200000000000000e+001 4.978963386053181e+001
-9.100000000000000e+001 4.809997606456017e+001
-9.000000000000000e+001 4.640315908449558e+001
-8.900000000000000e+001 4.469540710479916e+001
-8.800000000000000e+001 4.299350782495475e+001
-8.700000000000000e+001 4.130824672729064e+001
-8.600000000000000e+001 3.968353698593052e+001
-8.500000000000000e+001 3.815418192427666e+001
-8.400000000000000e+001 3.675997530470909e+001
-8.300000000000000e+001 3.554326993611787e+001
-8.200000000000000e+001 3.454260614167576e+001
-8.100000000000000e+001 3.378328780384667e+001
-8.000000000000000e+001 3.328763394119942e+001
-7.900000000000000e+001 3.304652440119099e+001
-7.800000000000000e+001 3.303497723607061e+001
-7.700000000000000e+001 3.322590376511132e+001
-7.600000000000000e+001 3.355540526169652e+001
-7.500000000000000e+001 3.397022898325051e+001
-7.400000000000000e+001 3.441097555345269e+001
-7.300000000000000e+001 3.480438985914554e+001
-7.200000000000000e+001 3.510729984721590e+001
-7.100000000000000e+001 3.525835122515326e+001
-7.000000000000000e+001 3.522895129868620e+001
-6.900000000000000e+001 3.499978256334431e+001
-6.800000000000000e+001 3.455316193992546e+001
-6.700000000000000e+001 3.389905047056731e+001
-6.600000000000000e+001 3.305129625811217e+001
-6.500000000000000e+001 3.202458655990487e+001
-6.400000000000000e+001 3.086269687505035e+001
-6.300000000000000e+001 2.958096658338592e+001
-6.200000000000000e+001 2.820229704009794e+001
-6.100000000000000e+001 2.675323788154308e+001
-6.000000000000000e+001 2.526018652113700e+001
-5.900000000000000e+001 2.374325093975519e+001
-5.800000000000000e+001 2.221945952765418e+001
-5.700000000000000e+001 2.070670702264519e+001
-5.600000000000000e+001 1.920023318565600e+001
-5.500000000000000e+001 1.772716660039590e+001
-5.400000000000000e+001 1.629570562511562e+001
-5.300000000000000e+001 1.490639853813801e+001
-5.200000000000000e+001 1.356089736960397e+001
-5.100000000000000e+001 1.227579875516769e+001
-5.000000000000000e+001 1.105236178278178e+001
-4.900000000000000e+001 9.899810487021080e+000
-4.800000000000000e+001 8.827688341407480e+000
-4.700000000000000e+001 7.838417230546749e+000
-4.600000000000000e+001 6.933176132363914e+000
-4.500000000000000e+001 6.127760720155384e+000
-4.400000000000000e+001 5.414068809915917e+000
-4.300000000000000e+001 4.801842633462407e+000
-4.200000000000000e+001 4.284786405515323e+000
-4.100000000000000e+001 3.857012310984522e+000
-4.000000000000000e+001 3.516034776925779e+000
-3.900000000000000e+001 3.255598416146224e+000
-3.800000000000000e+001 3.064498552789710e+000
-3.700000000000000e+001 2.937163060154280e+000
-3.600000000000000e+001 2.862826781195320e+000
-3.500000000000000e+001 2.829792345642186e+000
-3.400000000000000e+001 2.830457565173516e+000
-3.300000000000000e+001 2.850137759829883e+000
-3.200000000000000e+001 2.879744482772998e+000
-3.100000000000000e+001 2.910255423111306e+000
-3.000000000000000e+001 2.939006678458593e+000
-2.900000000000000e+001 2.956166971943316e+000
-2.800000000000000e+001 2.957288015656072e+000
-2.700000000000000e+001 2.942269318190175e+000
-2.600000000000000e+001 2.908733307442781e+000
-2.500000000000000e+001 2.855535090491098e+000
-2.400000000000000e+001 2.782819959672898e+000
-2.300000000000000e+001 2.690904717406961e+000
-2.200000000000000e+001 2.583802265333387e+000
-2.100000000000000e+001 2.460355317048587e+000
-2.000000000000000e+001 4.797987318972181e+000
-1.900000000000000e+001 5.950954987106268e+000
-1.800000000000000e+001 7.655241859222587e+000
-1.700000000000000e+001 1.008998826845462e+001
-1.600000000000000e+001 1.346027411007369e+001
-1.500000000000000e+001 1.798856133533852e+001
-1.400000000000000e+001 2.389845779460920e+001
-1.300000000000000e+001 3.139381789032268e+001
-1.200000000000000e+001 4.063067616386677e+001
-1.100000000000000e+001 5.168581931982917e+001
-1.000000000000000e+001 6.452476216477579e+001
-9.000000000000000e+000 7.897507265562744e+001
-8.000000000000000e+000 9.470519904399613e+001
-7.000000000000000e+000 1.112243462620565e+002
-6.000000000000000e+000 1.278943586336462e+002
-5.000000000000000e+000 1.439652998411085e+002
-4.000000000000000e+000 1.586201989394821e+002
-3.000000000000000e+000 1.710507726404068e+002
-2.000000000000000e+000 1.805223373576159e+002
-1.000000000000000e+000 1.864518496949769e+002
0.000000000000000e+000 1.884595448339664e+002
1.000000000000000e+000 1.864138790555479e+002
2.000000000000000e+000 1.804436934596387e+002
3.000000000000000e+000 1.709242648947988e+002
4.000000000000000e+000 1.584397494968740e+002
5.000000000000000e+000 1.437216003094547e+002
6.000000000000000e+000 1.275777278657438e+002
7.000000000000000e+000 1.108212224939569e+002
8.000000000000000e+000 9.420360528865103e+001
9.000000000000000e+000 7.836212106973265e+001
1.000000000000000e+001 6.378784096821509e+001
1.100000000000000e+001 5.081154909479027e+001
1.200000000000000e+001 3.960771431083948e+001
1.300000000000000e+001 3.021272785391734e+001
1.400000000000000e+001 2.255240745293697e+001
1.500000000000000e+001 1.647360667480394e+001
1.600000000000000e+001 1.177544391686135e+001
1.700000000000000e+001 8.236803337401973e+000
1.800000000000000e+001 5.638101863234247e+000
1.900000000000000e+001 3.776590981739666e+000
2.000000000000000e+001 2.475482144427467e+000
2.100000000000000e+001 0.000000000000000e+000
2.200000000000000e+001 0.000000000000000e+000
2.300000000000000e+001 0.000000000000000e+000
2.400000000000000e+001 0.000000000000000e+000
2.500000000000000e+001 0.000000000000000e+000
2.600000000000000e+001 0.000000000000000e+000
2.700000000000000e+001 0.000000000000000e+000
2.800000000000000e+001 0.000000000000000e+000
2.900000000000000e+001 0.000000000000000e+000
3.000000000000000e+001 0.000000000000000e+000
3.100000000000000e+001 0.000000000000000e+000
3.200000000000000e+001 0.000000000000000e+000
3.300000000000000e+001 0.000000000000000e+000
3.400000000000000e+001 0.000000000000000e+000
3.500000000000000e+001 0.000000000000000e+000
3.600000000000000e+001 0.000000000000000e+000
3.700000000000000e+001 0.000000000000000e+000
3.800000000000000e+001 0.000000000000000e+000
3.900000000000000e+001 0.000000000000000e+000
4.000000000000000e+001 0.000000000000000e+000
4.100000000000000e+001 0.000000000000000e+000
4.200000000000000e+001 0.000000000000000e+000
4.300000000000000e+001 0.000000000000000e+000
4.400000000000000e+001 0.000000000000000e+000
4.500000000000000e+001 0.000000000000000e+000
4.600000000000000e+001 0.000000000000000e+000
4.700000000000000e+001 0.000000000000000e+000
4.800000000000000e+001 0.000000000000000e+000
4.900000000000000e+001 0.000000000000000e+000
5.000000000000000e+001 0.000000000000000e+000
5.100000000000000e+001 0.000000000000000e+000
5.200000000000000e+001 0.000000000000000e+000
5.300000000000000e+001 0.000000000000000e+000
5.400000000000000e+001 0.000000000000000e+000
5.500000000000000e+001 0.000000000000000e+000
5.600000000000000e+001 0.000000000000000e+000
5.700000000000000e+001 0.000000000000000e+000
5.800000000000000e+001 0.000000000000000e+000
5.900000000000000e+001 0.000000000000000e+000
6.000000000000000e+001 0.000000000000000e+000
6.100000000000000e+001 0.000000000000000e+000
6.200000000000000e+001 0.000000000000000e+000
6.300000000000000e+001 0.000000000000000e+000
6.400000000000000e+001 0.000000000000000e+000
6.500000000000000e+001 0.000000000000000e+000
6.600000000000000e+001 0.000000000000000e+000
6.700000000000000e+001 0.000000000000000e+000
6.800000000000000e+001 0.000000000000000e+000
6.900000000000000e+001 0.000000000000000e+000
7.000000000000000e+001 0.000000000000000e+000
7.100000000000000e+001 0.000000000000000e+000
7.200000000000000e+001 0.000000000000000e+000
7.300000000000000e+001 0.000000000000000e+000
7.400000000000000e+001 0.000000000000000e+000
7.500000000000000e+001 0.000000000000000e+000
7.600000000000000e+001 0.000000000000000e+000
7.700000000000000e+001 0.000000000000000e+000
7.800000000000000e+001 0.000000000000000e+000
7.900000000000000e+001 0.000000000000000e+000
8.000000000000000e+001 0.000000000000000e+000
8.100000000000000e+001 0.000000000000000e+000
8.200000000000000e+001 0.000000000000000e+000
8.300000000000000e+001 0.000000000000000e+000
8.400000000000000e+001 0.000000000000000e+000
8.500000000000000e+001 0.000000000000000e+000
8.600000000000000e+001 0.000000000000000e+000
8.700000000000000e+001 0.000000000000000e+000
8.800000000000000e+001 0.000000000000000e+000
8.900000000000000e+001 0.000000000000000e+000
9.000000000000000e+001 0.000000000000000e+000
9.100000000000000e+001 0.000000000000000e+000
9.200000000000000e+001 0.000000000000000e+000
9.300000000000000e+001 0.000000000000000e+000
9.400000000000000e+001 0.000000000000000e+000
9.500000000000000e+001 0.000000000000000e+000
9.600000000000000e+001 0.000000000000000e+000
9.700000000000000e+001 0.000000000000000e+000
9.800000000000000e+001 0.000000000000000e+000
9.900000000000000e+001 0.000000000000000e+000
1.000000000000000e+002 0.000000000000000e+000
1.010000000000000e+002 0.000000000000000e+000
1.020000000000000e+002 0.000000000000000e+000
1.030000000000000e+002 0.000000000000000e+000
1.040000000000000e+002 0.000000000000000e+000
1.050000000000000e+002 0.000000000000000e+000
1.060000000000000e+002 0.000000000000000e+000
1.070000000000000e+002 0.000000000000000e+000
1.080000000000000e+002 0.000000000000000e+000
1.090000000000000e+002 0.000000000000000e+000
1.100000000000000e+002 0.000000000000000e+000
1.110000000000000e+002 0.000000000000000e+000
1.120000000000000e+002 0.000000000000000e+000
1.130000000000000e+002 0.000000000000000e+000
1.140000000000000e+002 0.000000000000000e+000
1.150000000000000e+002 0.000000000000000e+000
1.160000000000000e+002 0.000000000000000e+000
1.170000000000000e+002 0.000000000000000e+000
1.180000000000000e+002 0.000000000000000e+000
1.190000000000000e+002 0.000000000000000e+000
1.200000000000000e+002 0.000000000000000e+000
1.210000000000000e+002 0.000000000000000e+000
1.220000000000000e+002 0.000000000000000e+000
1.230000000000000e+002 0.000000000000000e+000
1.240000000000000e+002 0.000000000000000e+000
1.250000000000000e+002 0.000000000000000e+000
1.260000000000000e+002 0.000000000000000e+000
1.270000000000000e+002 0.000000000000000e+000
1.280000000000000e+002 0.000000000000000e+000
1.290000000000000e+002 0.000000000000000e+000
1.300000000000000e+002 0.000000000000000e+000
1.310000000000000e+002 0.000000000000000e+000
1.320000000000000e+002 0.000000000000000e+000
1.330000000000000e+002 0.000000000000000e+000
1.340000000000000e+002 0.000000000000000e+000
1.350000000000000e+002 0.000000000000000e+000
1.360000000000000e+002 0.000000000000000e+000
1.370000000000000e+002 0.000000000000000e+000
1.380000000000000e+002 0.000000000000000e+000
1.390000000000000e+002 0.000000000000000e+000
1.400000000000000e+002 0.000000000000000e+000
1.410000000000000e+002 0.000000000000000e+000
1.420000000000000e+002 0.000000000000000e+000
1.430000000000000e+002 0.000000000000000e+000
1.440000000000000e+002 0.000000000000000e+000
1.450000000000000e+002 0.000000000000000e+000
1.460000000000000e+002 0.000000000000000e+000
1.470000000000000e+002 0.000000000000000e+000
1.480000000000000e+002 0.000000000000000e+000
1.490000000000000e+002 0.000000000000000e+000
1.500000000000000e+002 0.000000000000000e+000
1.510000000000000e+002 0.000000000000000e+000
1.520000000000000e+002 0.000000000000000e+000
1.530000000000000e+002 0.000000000000000e+000
1.540000000000000e+002 0.000000000000000e+000
1.550000000000000e+002 0.000000000000000e+000
1.560000000000000e+002 0.000000000000000e+000
1.570000000000000e+002 0.000000000000000e+000
1.580000000000000e+002 0.000000000000000e+000
1.590000000000000e+002 0.000000000000000e+000
1.600000000000000e+002 0.000000000000000e+000
1.610000000000000e+002 0.000000000000000e+000
1.620000000000000e+002 0.000000000000000e+000
1.630000000000000e+002 0.000000000000000e+000
1.640000000000000e+002 0.000000000000000e+000
1.650000000000000e+002 0.000000000000000e+000
1.660000000000000e+002 0.000000000000000e+000
1.670000000000000e+002 0.000000000000000e+000
1.680000000000000e+002 0.000000000000000e+000
1.690000000000000e+002 0.000000000000000e+000
1.700000000000000e+002 0.000000000000000e+000
1.710000000000000e+002 0.000000000000000e+000
1.720000000000000e+002 0.000000000000000e+000
1.730000000000000e+002 0.000000000000000e+000
1.740000000000000e+002 0.000000000000000e+000
1.750000000000000e+002 0.000000000000000e+000
1.760000000000000e+002 0.000000000000000e+000
1.770000000000000e+002 0.000000000000000e+000
1.780000000000000e+002 0.000000000000000e+000
1.790000000000000e+002 0.000000000000000e+000
1.800000000000000e+002 0.000000000000000e+000
1.810000000000000e+002 0.000000000000000e+000
1.820000000000000e+002 0.000000000000000e+000
1.830000000000000e+002 0.000000000000000e+000
1.840000000000000e+002 0.000000000000000e+000
1.850000000000000e+002 0.000000000000000e+000
1.860000000000000e+002 0.000000000000000e+000
1.870000000000000e+002 0.000000000000000e+000
1.880000000000000e+002 0.000000000000000e+000
1.890000000000000e+002 0.000000000000000e+000
1.900000000000000e+002 0.000000000000000e+000
1.910000000000000e+002 0.000000000000000e+000
1.920000000000000e+002 0.000000000000000e+000
1.930000000000000e+002 0.000000000000000e+000
1.940000000000000e+002 0.000000000000000e+000
1.950000000000000e+002 0.000000000000000e+000
1.960000000000000e+002 0.000000000000000e+000
1.970000000000000e+002 0.000000000000000e+000
1.980000000000000e+002 0.000000000000000e+000
1.990000000000000e+002 0.000000000000000e+000
2.000000000000000e+002 0.000000000000000e+000
2.010000000000000e+002 0.000000000000000e+000
2.020000000000000e+002 0.000000000000000e+000
2.030000000000000e+002 0.000000000000000e+000
2.040000000000000e+002 0.000000000000000e+000
2.050000000000000e+002 0.000000000000000e+000
2.060000000000000e+002 0.000000000000000e+000
2.070000000000000e+002 0.000000000000000e+000
2.080000000000000e+002 0.000000000000000e+000
2.090000000000000e+002 0.000000000000000e+000
2.100000000000000e+002 0.000000000000000e+000
2.110000000000000e+002 0.000000000000000e+000
2.120000000000000e+002 0.000000000000000e+000
2.130000000000000e+002 0.000000000000000e+000
2.140000000000000e+002 0.000000000000000e+000
2.150000000000000e+002 0.000000000000000e+000
2.160000000000000e+002 0.000000000000000e+000
2.170000000000000e+002 0.000000000000000e+000
2.180000000000000e+002 0.000000000000000e+000
2.190000000000000e+002 0.000000000000000e+000
2.200000000000000e+002 0.000000000000000e+000
2.210000000000000e+002 0.000000000000000e+000
2.220000000000000e+002 0.000000000000000e+000
2.230000000000000e+002 0.000000000000000e+000
2.240000000000000e+002 0.000000000000000e+000
2.250000000000000e+002 0.000000000000000e+000
2.260000000000000e+002 0.000000000000000e+000
2.270000000000000e+002 0.000000000000000e+000
2.280000000000000e+002 0.000000000000000e+000
2.290000000000000e+002 0.000000000000000e+000
2.300000000000000e+002 0.000000000000000e+000
2.310000000000000e+002 0.000000000000000e+000
2.320000000000000e+002 0.000000000000000e+000
2.330000000000000e+002 0.000000000000000e+000
2.340000000000000e+002 0.000000000000000e+000
2.350000000000000e+002 0.000000000000000e+000
2.360000000000000e+002 0.000000000000000e+000
2.370000000000000e+002 0.000000000000000e+000
2.380000000000000e+002 0.000000000000000e+000
2.390000000000000e+002 0.000000000000000e+000
2.400000000000000e+002 0.000000000000000e+000
2.410000000000000e+002 0.000000000000000e+000
2.420000000000000e+002 0.000000000000000e+000
2.430000000000000e+002 0.000000000000000e+000
2.440000000000000e+002 0.000000000000000e+000
2.450000000000000e+002 0.000000000000000e+000
2.460000000000000e+002 0.000000000000000e+000
2.470000000000000e+002 0.000000000000000e+000
2.480000000000000e+002 0.000000000000000e+000
2.490000000000000e+002 0.000000000000000e+000
2.500000000000000e+002 0.000000000000000e+000
2.510000000000000e+002 0.000000000000000e+000
2.520000000000000e+002 0.000000000000000e+000
2.530000000000000e+002 0.000000000000000e+000
2.540000000000000e+002 0.000000000000000e+000
2.550000000000000e+002 0.000000000000000e+000
2.560000000000000e+002 0.000000000000000e+000
2.570000000000000e+002 0.000000000000000e+000
2.580000000000000e+002 0.000000000000000e+000
2.590000000000000e+002 0.000000000000000e+000
2.600000000000000e+002 0.000000000000000e+000
2.610000000000000e+002 0.000000000000000e+000
2.620000000000000e+002 0.000000000000000e+000
2.630000000000000e+002 0.000000000000000e+000
2.640000000000000e+002 0.000000000000000e+000
2.650000000000000e+002 0.000000000000000e+000
2.660000000000000e+002 0.000000000000000e+000
2.670000000000000e+002 0.000000000000000e+000
2.680000000000000e+002 0.000000000000000e+000
2.690000000000000e+002 0.000000000000000e+000
2.700000000000000e+002 0.000000000000000e+000
2.710000000000000e+002 0.000000000000000e+000
2.720000000000000e+002 0.000000000000000e+000
2.730000000000000e+002 0.000000000000000e+000
2.740000000000000e+002 0.000000000000000e+000
2.750000000000000e+002 0.000000000000000e+000
2.760000000000000e+002 0.000000000000000e+000
2.770000000000000e+002 0.000000000000000e+000
2.780000000000000e+002 0.000000000000000e+000
2.790000000000000e+002 0.000000000000000e+000
2.800000000000000e+002 0.000000000000000e+000
2.810000000000000e+002 0.000000000000000e+000
2.820000000000000e+002 0.000000000000000e+000
2.830000000000000e+002 0.000000000000000e+000
2.840000000000000e+002 0.000000000000000e+000
2.850000000000000e+002 0.000000000000000e+000
2.860000000000000e+002 0.000000000000000e+000
2.870000000000000e+002 0.000000000000000e+000
2.880000000000000e+002 0.000000000000000e+000
2.890000000000000e+002 0.000000000000000e+000
2.900000000000000e+002 0.000000000000000e+000
2.910000000000000e+002 0.000000000000000e+000
2.920000000000000e+002 0.000000000000000e+000
2.930000000000000e+002 0.000000000000000e+000
2.940000000000000e+002 0.000000000000000e+000
2.950000000000000e+002 0.000000000000000e+000
2.960000000000000e+002 0.000000000000000e+000
2.970000000000000e+002 0.000000000000000e+000
2.980000000000000e+002 0.000000000000000e+000
2.990000000000000e+002 0.000000000000000e+000
3.000000000000000e+002 0.000000000000000e+000
3.010000000000000e+002 0.000000000000000e+000
3.020000000000000e+002 0.000000000000000e+000
3.030000000000000e+002 0.000000000000000e+000
3.040000000000000e+002 0.000000000000000e+000
3.050000000000000e+002 0.000000000000000e+000
3.060000000000000e+002 0.000000000000000e+000
3.070000000000000e+002 0.000000000000000e+000
3.080000000000000e+002 0.000000000000000e+000
3.090000000000000e+002 0.000000000000000e+000
3.100000000000000e+002 0.000000000000000e+000
3.110000000000000e+002 0.000000000000000e+000
3.120000000000000e+002 0.000000000000000e+000
3.130000000000000e+002 0.000000000000000e+000
3.140000000000000e+002 0.000000000000000e+000
3.150000000000000e+002 0.000000000000000e+000
3.160000000000000e+002 0.000000000000000e+000
3.170000000000000e+002 0.000000000000000e+000
3.180000000000000e+002 0.000000000000000e+000
3.190000000000000e+002 0.000000000000000e+000
3.200000000000000e+002 0.000000000000000e+000
3.210000000000000e+002 0.000000000000000e+000
3.220000000000000e+002 0.000000000000000e+000
3.230000000000000e+002 0.000000000000000e+000
3.240000000000000e+002 0.000000000000000e+000
3.250000000000000e+002 0.000000000000000e+000
3.260000000000000e+002 0.000000000000000e+000
3.270000000000000e+002 0.000000000000000e+000
3.280000000000000e+002 0.000000000000000e+000
3.290000000000000e+002 0.000000000000000e+000
3.300000000000000e+002 0.000000000000000e+000
3.310000000000000e+002 0.000000000000000e+000
3.320000000000000e+002 0.000000000000000e+000
3.330000000000000e+002 0.000000000000000e+000
3.340000000000000e+002 0.000000000000000e+000
3.350000000000000e+002 0.000000000000000e+000
3.360000000000000e+002 0.000000000000000e+000
3.370000000000000e+002 0.000000000000000e+000
3.380000000000000e+002 0.000000000000000e+000
3.390000000000000e+002 0.000000000000000e+000
3.400000000000000e+002 0.000000000000000e+000
3.410000000000000e+002 0.000000000000000e+000
3.420000000000000e+002 0.000000000000000e+000
3.430000000000000e+002 0.000000000000000e+000
3.440000000000000e+002 0.000000000000000e+000
3.450000000000000e+002 0.000000000000000e+000
3.460000000000000e+002 0.000000000000000e+000
3.470000000000000e+002 0.000000000000000e+000
3.480000000000000e+002 0.000000000000000e+000
3.490000000000000e+002 0.000000000000000e+000
3.500000000000000e+002 0.000000000000000e+000
3.510000000000000e+002 0.000000000000000e+000
3.520000000000000e+002 0.000000000000000e+000
3.530000000000000e+002 0.000000000000000e+000
3.540000000000000e+002 0.000000000000000e+000
