-3.530000000000000e+002 0.000000000000000e+000
-3.520000000000000e+002 0.000000000000000e+000
-3.510000000000000e+002 0.000000000000000e+000
-3.500000000000000e+002 0.000000000000000e+000
-3.490000000000000e+002 0.000000000000000e+000
-3.480000000000000e+002 0.000000000000000e+000
-3.470000000000000e+002 0.000000000000000e+000
-3.460000000000000e+002 0.000000000000000e+000
-3.450000000000000e+002 0.000000000000000e+000
-3.440000000000000e+002 0.000000000000000e+000
-3.430000000000000e+002 0.000000000000000e+000
-3.420000000000000e+002 0.000000000000000e+000
-3.410000000000000e+002 0.000000000000000e+000
-3.400000000000000e+002 0.000000000000000e+000
-3.390000000000000e+002 0.000000000000000e+000
-3.380000000000000e+002 0.000000000000000e+000
-3.370000000000000e+002 0.000000000000000e+000
-3.360000000000000e+002 0.000000000000000e+000
-3.350000000000000e+002 0.000000000000000e+000
-3.340000000000000e+002 0.000000000000000e+000
-3.330000000000000e+002 0.000000000000000e+000
-3.320000000000000e+002 0.000000000000000e+000
-3.310000000000000e+002 0.000000000000000e+000
-3.300000000000000e+002 0.000000000000000e+000
-3.290000000000000e+002 0.000000000000000e+000
-3.280000000000000e+002 0.000000000000000e+000
-3.270000000000000e+002 0.000000000000000e+000
-3.260000000000000e+002 0.000000000000000e+000
-3.250000000000000e+002 0.000000000000000e+000
-3.240000000000000e+002 0.000000000000000e+000
-3.230000000000000e+002 0.000000000000000e+000
-3.220000000000000e+002 0.000000000000000e+000
-3.210000000000000e+002 0.000000000000000e+000
-3.200000000000000e+002 0.000000000000000e+000
-3.190000000000000e+002 0.000000000000000e+000
-3.180000000000000e+002 0.000000000000000e+000
-3.170000000000000e+002 0.000000000000000e+000
-3.160000000000000e+002 0.000000000000000e+000
-3.150000000000000e+002 0.000000000000000e+000
-3.140000000000000e+002 0.000000000000000e+000
-3.130000000000000e+002 0.000000000000000e+000
-3.120000000000000e+002 0.000000000000000e+000
-3.110000000000000e+002 0.000000000000000e+000
-3.100000000000000e+002 0.000000000000000e+000
-3.090000000000000e+002 0.000000000000000e+000
-3.080000000000000e+002 0.000000000000000e+000
-3.070000000000000e+002 0.000000000000000e+000
-3.060000000000000e+002 0.000000000000000e+000
-3.050000000000000e+002 0.000000000000000e+000
-3.040000000000000e+002 0.000000000000000e+000
-3.030000000000000e+002 0.000000000000000e+000
-3.020000000000000e+002 0.000000000000000e+000
-3.010000000000000e+002 0.000000000000000e+000
-3.000000000000000e+002 0.000000000000000e+000
-2.990000000000000e+002 0.000000000000000e+000
-2.980000000000000e+002 0.000000000000000e+000
-2.970000000000000e+002 0.000000000000000e+000
-2.960000000000000e+002 0.000000000000000e+000
-2.950000000000000e+002 0.000000000000000e+000
-2.940000000000000e+002 0.000000000000000e+000
-2.930000000000000e+002 0.000000000000000e+000
-2.920000000000000e+002 0.000000000000000e+000
-2.910000000000000e+002 0.000000000000000e+000
-2.900000000000000e+002 0.000000000000000e+000
-2.890000000000000e+002 0.000000000000000e+000
-2.880000000000000e+002 0.000000000000000e+000
-2.870000000000000e+002 0.000000000000000e+000
-2.860000000000000e+002 0.000000000000000e+000
-2.850000000000000e+002 0.000000000000000e+000
-2.840000000000000e+002 0.000000000000000e+000
-2.830000000000000e+002 0.000000000000000e+000
-2.820000000000000e+002 0.000000000000000e+000
-2.810000000000000e+002 0.000000000000000e+000
-2.800000000000000e+002 0.000000000000000e+000
-2.790000000000000e+002 0.000000000000000e+000
-2.780000000000000e+002 0.000000000000000e+000
-2.770000000000000e+002 0.000000000000000e+000
-2.760000000000000e+002 0.000000000000000e+000
-2.750000000000000e+002 0.000000000000000e+000
-2.740000000000000e+002 0.000000000000000e+000
-2.730000000000000e+002 0.000000000000000e+000
-2.720000000000000e+002 0.000000000000000e+000
-2.710000000000000e+002 0.000000000000000e+000
-2.700000000000000e+002 0.000000000000000e+000
-2.690000000000000e+002 0.000000000000000e+000
-2.680000000000000e+002 0.000000000000000e+000
-2.670000000000000e+002 0.000000000000000e+000
-2.660000000000000e+002 0.000000000000000e+000
-2.650000000000000e+002 0.000000000000000e+000
-2.640000000000000e+002 0.000000000000000e+000
-2.630000000000000e+002 0.000000000000000e+000
-2.620000000000000e+002 0.000000000000000e+000
-2.610000000000000e+002 0.000000000000000e+000
-2.600000000000000e+002 0.000000000000000e+000
-2.590000000000000e+002 0.000000000000000e+000
-2.580000000000000e+002 0.000000000000000e+000
-2.570000000000000e+002 0.000000000000000e+000
-2.560000000000000e+002 0.000000000000000e+000
-2.550000000000000e+002 0.000000000000000e+000
-2.540000000000000e+002 0.000000000000000e+000
-2.530000000000000e+002 0.000000000000000e+000
-2.520000000000000e+002 0.000000000000000e+000
-2.510000000000000e+002 0.000000000000000e+000
-2.500000000000000e+002 0.000000000000000e+000
-2.490000000000000e+002 0.000000000000000e+000
-2.480000000000000e+002 0.000000000000000e+000
-2.470000000000000e+002 0.000000000000000e+000
-2.460000000000000e+002 0.000000000000000e+000
-2.450000000000000e+002 0.000000000000000e+000
-2.440000000000000e+002 0.000000000000000e+000
-2.430000000000000e+002 0.000000000000000e+000
-2.420000000000000e+002 0.000000000000000e+000
-2.410000000000000e+002 0.000000000000000e+000
-2.400000000000000e+002 0.000000000000000e+000
-2.390000000000000e+002 0.000000000000000e+000
-2.380000000000000e+002 0.000000000000000e+000
-2.370000000000000e+002 0.000000000000000e+000
-2.360000000000000e+002 0.000000000000000e+000
-2.350000000000000e+002 0.000000000000000e+000
-2.340000000000000e+002 0.000000000000000e+000
-2.330000000000000e+002 0.000000000000000e+000
-2.320000000000000e+002 0.000000000000000e+000
-2.310000000000000e+002 0.000000000000000e+000
-2.300000000000000e+002 0.000000000000000e+000
-2.290000000000000e+002 0.000000000000000e+000
-2.280000000000000e+002 0.000000000000000e+000
-2.270000000000000e+002 0.000000000000000e+000
-2.260000000000000e+002 0.000000000000000e+000
-2.250000000000000e+002 0.000000000000000e+000
-2.240000000000000e+002 0.000000000000000e+000
-2.230000000000000e+002 1.560352216097105e-005
-2.220000000000000e+002 1.086299208748178e-004
-2.210000000000000e+002 9.301063396637078e-004
-2.200000000000000e+002 3.640509773806373e-003
-2.190000000000000e+002 9.396880771720134e-003
-2.180000000000000e+002 1.864301974838183e-002
-2.170000000000000e+002 3.354192612212413e-002
-2.160000000000000e+002 5.572157311311380e-002
-2.150000000000000e+002 8.639826247840179e-002
-2.140000000000000e+002 1.293563074753140e-001
-2.130000000000000e+002 1.874255460617198e-001
-2.120000000000000e+002 2.647519771248071e-001
-2.110000000000000e+002 3.633208928894042e-001
-2.100000000000000e+002 4.900971511652747e-001
-2.090000000000000e+002 6.482151046935434e-001
-2.080000000000000e+002 8.397677123614609e-001
-2.070000000000000e+002 1.067746010148237e+000
-2.060000000000000e+002 1.333899884411575e+000
-2.050000000000000e+002 1.639574731636719e+000
-2.040000000000000e+002 1.982980145769095e+000
-2.030000000000000e+002 2.360548544833701e+000
-2.020000000000000e+002 2.769919976506914e+000
-2.010000000000000e+002 3.205180807089796e+000
-2.000000000000000e+002 3.665064500137405e+000
-1.990000000000000e+002 4.145343026756469e+000
-1.980000000000000e+002 4.640692646208709e+000
-1.970000000000000e+002 5.147436752944609e+000
-1.960000000000000e+002 5.671788262804400e+000
-1.950000000000000e+002 6.217853314755159e+000
-1.940000000000000e+002 6.797573061795782e+000
-1.930000000000000e+002 7.422173510932695e+000
-1.920000000000000e+002 8.112700279960423e+000
-1.910000000000000e+002 8.896760892086624e+000
-1.900000000000000e+002 9.801544566483761e+000
-1.890000000000000e+002 1.085227996425431e+001
-1.880000000000000e+002 1.207626754252780e+001
-1.870000000000000e+002 1.350549533292010e+001
-1.860000000000000e+002 1.517398037019151e+001
-1.850000000000000e+002 1.711185860343621e+001
-1.840000000000000e+002 1.935544821055820e+001
-1.830000000000000e+002 2.192351501880620e+001
-1.820000000000000e+002 2.485756849450338e+001
-1.810000000000000e+002 2.818027393865286e+001
-1.800000000000000e+002 3.191446650854880e+001
-1.790000000000000e+002 3.612695711899790e+001
-1.780000000000000e+002 4.086541968309778e+001
-1.770000000000000e+002 4.618321543974149e+001
-1.760000000000000e+002 5.214743428844963e+001
-1.750000000000000e+002 5.878703649240607e+001
-1.740000000000000e+002 6.615337279717434e+001
-1.730000000000000e+002 7.427408929672355e+001
-1.720000000000000e+002 8.318057626080127e+001
-1.710000000000000e+002 9.284689719309380e+001
-1.700000000000000e+002 1.032606164742134e+002
-1.690000000000000e+002 1.143619491222575e+002
-1.680000000000000e+002 1.260426099080498e+002
-1.670000000000000e+002 1.381685457594028e+002
-1.660000000000000e+002 1.505927874501227e+002
-1.650000000000000e+002 1.631115391498761e+002
-1.640000000000000e+002 1.755175197508155e+002
-1.630000000000000e+002 1.875942692471304e+002
-1.620000000000000e+002 1.991146430922006e+002
-1.610000000000000e+002 2.098800823555548e+002
-1.600000000000000e+002 2.196749675319897e+002
-1.590000000000000e+002 2.283425621698251e+002
-1.580000000000000e+002 2.357389825939944e+002
-1.570000000000000e+002 2.417654615695928e+002
-1.560000000000000e+002 2.463782503208394e+002
-1.550000000000000e+002 2.495586614985801e+002
-1.540000000000000e+002 2.513471406304932e+002
-1.530000000000000e+002 2.518107960545796e+002
-1.520000000000000e+002 2.510509877565331e+002
-1.510000000000000e+002 2.491923958974545e+002
-1.500000000000000e+002 2.463667184368532e+002
-1.490000000000000e+002 2.427219525883455e+002
-1.480000000000000e+002 2.384084378418670e+002
-1.470000000000000e+002 2.335737256492505e+002
-1.460000000000000e+002 2.283219291785947e+002
-1.450000000000000e+002 2.227786064584016e+002
-1.440000000000000e+002 2.170302617131453e+002
-1.430000000000000e+002 2.111527535138141e+002
-1.420000000000000e+002 2.052163772380490e+002
-1.410000000000000e+002 1.992632805121874e+002
-1.400000000000000e+002 1.933341694832357e+002
-1.390000000000000e+002 1.874811239711334e+002
-1.380000000000000e+002 1.816932463887541e+002
-1.370000000000000e+002 1.760113365249948e+002
-1.360000000000000e+002 1.704540602846489e+002
-1.350000000000000e+002 1.650490556328741e+002
-1.340000000000000e+002 1.598531410793142e+002
-1.330000000000000e+002 1.548738686424031e+002
-1.320000000000000e+002 1.501388300440957e+002
-1.310000000000000e+002 1.456511779104285e+002
-1.300000000000000e+002 1.414486949783762e+002
-1.290000000000000e+002 1.375063972915527e+002
-1.280000000000000e+002 1.338213766114212e+002
-1.270000000000000e+002 1.303863965349911e+002
-1.260000000000000e+002 1.271828817897727e+002
-1.250000000000000e+002 1.241506297384277e+002
-1.240000000000000e+002 1.212676655133903e+002
-1.230000000000000e+002 1.184857460369415e+002
-1.220000000000000e+002 1.157587430133878e+002
-1.210000000000000e+002 1.130490654429091e+002
-1.200000000000000e+002 1.103079636894422e+002
-1.190000000000000e+002 1.075295267711269e+002
-1.180000000000000e+002 1.046667333235873e+002
-1.170000000000000e+002 1.017272728245701e+002
-1.160000000000000e+002 9.870827341076843e+001
-1.150000000000000e+002 9.559683548426904e+001
-1.140000000000000e+002 9.241376696980906e+001
-1.130000000000000e+002 8.917339416984251e+001
-1.120000000000000e+002 8.588594122324255e+001
-1.110000000000000e+002 8.257663769711894e+001
-1.100000000000000e+002 7.926213753616034e+001
-1.090000000000000e+002 7.597272189360847e+001
-1.080000000000000e+002 7.272115290303798e+001
-1.070000000000000e+002 6.953232615397901e+001
-1.060000000000000e+002 6.642851710712742e+001
-1.050000000000000e+002 6.343334354605584e+001
-1.040000000000000e+002 6.054766758857482e+001
-1.030000000000000e+002 5.780944859449579e+001
-1.020000000000000e+002 5.522987412293762e+001
-1.010000000000000e+002 5.282407385413846e+001
-1.000000000000000e+002 5.059762322300497e+001
-9.900000000000000e+001 4.856181660655660e+001
-9.800000000000000e+001 4.669711084024191e+001
-9.700000000000000e+001 4.501278951461693e+001
-9.600000000000000e+001 4.348013050422582e+001
-9.500000000000000e+001 4.208885679683931e+001
-9.400000000000000e+001 4.081041259829009e+001
-9.300000000000000e+001 3.962396668313497e+001
-9.200000000000000e+001 3.850949241116992e+001
-9.100000000000000e+001 3.744148211614262e+001
-9.000000000000000e+001 3.640511563063702e+001
-8.900000000000000e+001 3.538074154037317e+001
-8.800000000000000e+001 3.438005869003505e+001
-8.700000000000000e+001 3.341369653074435e+001
-8.600000000000000e+001 3.249452303373862e+001
-8.500000000000000e+001 3.163795245837916e+001
-8.400000000000000e+001 3.087178130181935e+001
-8.300000000000000e+001 3.022566728476029e+001
-8.200000000000000e+001 2.972096559238306e+001
-8.100000000000000e+001 2.937870715499263e+001
-8.000000000000000e+001 2.920959906577703e+001
-7.900000000000000e+001 2.921988174672659e+001
-7.800000000000000e+001 2.940162161686084e+001
-7.700000000000000e+001 2.974163163422700e+001
-7.600000000000000e+001 3.019575381234432e+001
-7.500000000000000e+001 3.072455329652284e+001
-7.400000000000000e+001 3.129039424135143e+001
-7.300000000000000e+001 3.183476450938041e+001
-7.200000000000000e+001 3.231107662020158e+001
-7.100000000000000e+001 3.268335290815784e+001
-7.000000000000000e+001 3.291194097496449e+001
-6.900000000000000e+001 3.297235792876580e+001
-6.800000000000000e+001 3.284399740263599e+001
-6.700000000000000e+001 3.252819038433224e+001
-6.600000000000000e+001 3.202418628583322e+001
-6.500000000000000e+001 3.134229965382837e+001
-6.400000000000000e+001 3.051295302944089e+001
-6.300000000000000e+001 2.954969975275714e+001
-6.200000000000000e+001 2.846726218315317e+001
-6.100000000000000e+001 2.729113201148384e+001
-6.000000000000000e+001 2.604016069922093e+001
-5.900000000000000e+001 2.473125013371881e+001
-5.800000000000000e+001 2.337837354764953e+001
-5.700000000000000e+001 2.199850406349625e+001
-5.600000000000000e+001 2.060154829111561e+001
-5.500000000000000e+001 1.920357619546654e+001
-5.400000000000000e+001 1.781578608210841e+001
-5.300000000000000e+001 1.645082351443328e+001
-5.200000000000000e+001 1.511853226473085e+001
-5.100000000000000e+001 1.384713373952827e+001
-5.000000000000000e+001 1.264269020999167e+001
-4.900000000000000e+001 1.152834730737374e+001
-4.800000000000000e+001 1.052868122467490e+001
-4.700000000000000e+001 9.650527138196148e+000
-4.600000000000000e+001 8.908958317450111e+000
-4.500000000000000e+001 8.322486571786952e+000
-4.400000000000000e+001 7.899283763124004e+000
-4.300000000000000e+001 7.651708785714840e+000
-4.200000000000000e+001 7.564336847247342e+000
-4.100000000000000e+001 7.635809559490388e+000
-4.000000000000000e+001 7.861319218858411e+000
-3.900000000000000e+001 8.229805702716931e+000
-3.800000000000000e+001 8.718244226032953e+000
-3.700000000000000e+001 9.309103575079439e+000
-3.600000000000000e+001 9.975374991739407e+000
-3.500000000000000e+001 1.069520412215662e+001
-3.400000000000000e+001 1.143641554242358e+001
-3.300000000000000e+001 1.216738366547310e+001
-3.200000000000000e+001 1.286349653791936e+001
-3.100000000000000e+001 1.349700182272109e+001
-3.000000000000000e+001 1.404948027618737e+001
-2.900000000000000e+001 1.449817197374935e+001
-2.800000000000000e+001 1.482718874039173e+001
-2.700000000000000e+001 1.502661762919877e+001
-2.600000000000000e+001 1.508940067383481e+001
-2.500000000000000e+001 1.501154354150560e+001
-2.400000000000000e+001 1.479281817558933e+001
-2.300000000000000e+001 1.443982101885211e+001
-2.200000000000000e+001 1.396182207587905e+001
-2.100000000000000e+001 1.336829890462202e+001
-2.000000000000000e+001 1.549794750136998e+001
-1.900000000000000e+001 1.620566036262107e+001
-1.800000000000000e+001 1.748720415608291e+001
-1.700000000000000e+001 1.956595761026428e+001
-1.600000000000000e+001 2.269382993753104e+001
-1.500000000000000e+001 2.714441690548097e+001
-1.400000000000000e+001 3.319080207705986e+001
-1.300000000000000e+001 4.107751821822665e+001
-1.200000000000000e+001 5.099526554017928e+001
-1.100000000000000e+001 6.304837917994548e+001
-1.000000000000000e+001 7.720314420350661e+001
-9.000000000000000e+000 9.327964350114432e+001
-8.000000000000000e+000 1.108969279942764e+002
-7.000000000000000e+000 1.294929569826040e+002
-6.000000000000000e+000 1.483435695309857e+002
-5.000000000000000e+000 1.665841216712239e+002
-4.000000000000000e+000 1.832819942707094e+002
-3.000000000000000e+000 1.975031387108384e+002
-2.000000000000000e+000 2.084000231357873e+002
-1.000000000000000e+000 2.152989205115348e+002
0.000000000000000e+000 2.177530555544606e+002
1.000000000000000e+000 2.155947915334015e+002
2.000000000000000e+000 2.089607808274107e+002
3.000000000000000e+000 1.982698686534605e+002
4.000000000000000e+000 1.841751469138387e+002
5.000000000000000e+000 1.675071544812254e+002
6.000000000000000e+000 1.491795965829814e+002
7.000000000000000e+000 1.301196431517124e+002
8.000000000000000e+000 1.111818742012309e+002
9.000000000000000e+000 9.309454487205738e+001
1.000000000000000e+001 7.642147485152299e+001
1.100000000000000e+001 6.154388962850302e+001
1.200000000000000e+001 4.866739982752599e+001
1.300000000000000e+001 3.783825871351586e+001
1.400000000000000e+001 2.897700827138595e+001
1.500000000000000e+001 2.191300818018055e+001
1.600000000000000e+001 1.642095672174226e+001
1.700000000000000e+001 1.225209870505075e+001
1.800000000000000e+001 9.157078807730604e+000
1.900000000000000e+001 6.905588881609465e+000
2.000000000000000e+001 5.296639825944620e+000
2.100000000000000e+001 2.351194455383484e+000
2.200000000000000e+001 2.232479041693329e+000
2.300000000000000e+001 2.118178069325188e+000
2.400000000000000e+001 2.007165826192381e+000
2.500000000000000e+001 1.899307919769546e+000
2.600000000000000e+001 1.793854083900206e+000
2.700000000000000e+001 1.693907533626848e+000
2.800000000000000e+001 1.601233637156048e+000
2.900000000000000e+001 1.513640993150847e+000
3.000000000000000e+001 1.430196383571143e+000
3.100000000000000e+001 1.351707642897781e+000
3.200000000000000e+001 1.277376031805783e+000
3.300000000000000e+001 1.207811457253595e+000
3.400000000000000e+001 1.143033668633804e+000
3.500000000000000e+001 1.083101481964949e+000
3.600000000000000e+001 1.026865530581359e+000
3.700000000000000e+001 9.750548145358634e-001
3.800000000000000e+001 9.270509564650674e-001
3.900000000000000e+001 8.823846796711059e-001
4.000000000000000e+001 8.408520532903081e-001
4.100000000000000e+001 8.027198066133254e-001
4.200000000000000e+001 7.674548193142757e-001
4.300000000000000e+001 7.347820784592149e-001
4.400000000000000e+001 7.044203715646449e-001
4.500000000000000e+001 6.759502581445459e-001
4.600000000000000e+001 6.492539453595896e-001
4.700000000000000e+001 6.241222912277602e-001
4.800000000000000e+001 6.003811390233857e-001
4.900000000000000e+001 5.780218872573748e-001
5.000000000000000e+001 5.570964547288209e-001
5.100000000000000e+001 5.368826411514421e-001
5.200000000000000e+001 5.177202346711387e-001
5.300000000000000e+001 4.995334787313730e-001
5.400000000000000e+001 4.824832531450237e-001
5.500000000000000e+001 4.664458944209213e-001
5.600000000000000e+001 4.517215580280661e-001
5.700000000000000e+001 4.378726115697251e-001
5.800000000000000e+001 4.248969717248892e-001
5.900000000000000e+001 4.129746491813007e-001
6.000000000000000e+001 4.021954069406226e-001
6.100000000000000e+001 3.922722967418534e-001
6.200000000000000e+001 3.830160813359861e-001
6.300000000000000e+001 3.744285721943366e-001
6.400000000000000e+001 3.662810219089204e-001
6.500000000000000e+001 3.586321738886832e-001
6.600000000000000e+001 3.514278422015696e-001
6.700000000000000e+001 3.444359442272915e-001
6.800000000000000e+001 3.376835227152224e-001
6.900000000000000e+001 3.310910440456003e-001
7.000000000000000e+001 3.247080530591770e-001
7.100000000000000e+001 3.181373624703905e-001
7.200000000000000e+001 3.116346648933787e-001
7.300000000000000e+001 3.052590611926612e-001
7.400000000000000e+001 2.987934603942622e-001
7.500000000000000e+001 2.922636920206432e-001
7.600000000000000e+001 2.856231794706364e-001
7.700000000000000e+001 2.791165894545170e-001
7.800000000000000e+001 2.725674485789089e-001
7.900000000000000e+001 2.660436194904134e-001
8.000000000000000e+001 2.597203419024073e-001
8.100000000000000e+001 2.533353786845897e-001
8.200000000000000e+001 2.471226404155551e-001
8.300000000000000e+001 2.410531033575677e-001
8.400000000000000e+001 2.350677517157264e-001
8.500000000000000e+001 2.290549232418247e-001
8.600000000000000e+001 2.230215620957706e-001
8.700000000000000e+001 2.168648209479951e-001
8.800000000000000e+001 2.106158352572501e-001
8.900000000000000e+001 2.041340146726683e-001
9.000000000000000e+001 1.974066871926300e-001
9.100000000000000e+001 1.904646116052285e-001
9.200000000000000e+001 1.834392005983276e-001
9.300000000000000e+001 1.763919856466951e-001
9.400000000000000e+001 1.692791002308614e-001
9.500000000000000e+001 1.622675802436615e-001
9.600000000000000e+001 1.556002350343129e-001
9.700000000000000e+001 1.491882436600436e-001
9.800000000000000e+001 1.433145565910441e-001
9.900000000000000e+001 1.378759386569281e-001
1.000000000000000e+002 1.329205065380390e-001
1.010000000000000e+002 1.284774296288022e-001
1.020000000000000e+002 1.245574953237411e-001
1.030000000000000e+002 1.211494652836648e-001
1.040000000000000e+002 1.181982294908383e-001
1.050000000000000e+002 1.157054303665211e-001
1.060000000000000e+002 1.135862898837264e-001
1.070000000000000e+002 1.117445774466806e-001
1.080000000000000e+002 1.102258472413554e-001
1.090000000000000e+002 1.090170483327672e-001
1.100000000000000e+002 1.080404416610185e-001
1.110000000000000e+002 1.072103506546959e-001
1.120000000000000e+002 1.065326783331891e-001
1.130000000000000e+002 1.060402080841099e-001
1.140000000000000e+002 1.056941746507143e-001
1.150000000000000e+002 1.053993475523545e-001
1.160000000000000e+002 1.051864860886644e-001
1.170000000000000e+002 1.049845680632027e-001
1.180000000000000e+002 1.048308820736937e-001
1.190000000000000e+002 1.047405440663332e-001
1.200000000000000e+002 1.046588630048622e-001
1.210000000000000e+002 1.045685342748786e-001
1.220000000000000e+002 1.045052416275967e-001
1.230000000000000e+002 1.044791504206940e-001
1.240000000000000e+002 1.044404432446333e-001
1.250000000000000e+002 1.042984622414646e-001
1.260000000000000e+002 1.041612426013253e-001
1.270000000000000e+002 1.040010904813063e-001
1.280000000000000e+002 1.037262157874237e-001
1.290000000000000e+002 1.033474355676192e-001
1.300000000000000e+002 1.027813129767606e-001
1.310000000000000e+002 1.019961725827673e-001
1.320000000000000e+002 1.009733021755107e-001
1.330000000000000e+002 9.974870632913463e-002
1.340000000000000e+002 9.826986796184894e-002
1.350000000000000e+002 9.651596755976551e-002
1.360000000000000e+002 9.457613353297034e-002
1.370000000000000e+002 9.245240244865013e-002
1.380000000000000e+002 9.017753690153529e-002
1.390000000000000e+002 8.785461741797648e-002
1.400000000000000e+002 8.549071233689635e-002
1.410000000000000e+002 8.310875529452501e-002
1.420000000000000e+002 8.076369398211918e-002
1.430000000000000e+002 7.848496990718302e-002
1.440000000000000e+002 7.634102758858682e-002
1.450000000000000e+002 7.426934390912938e-002
1.460000000000000e+002 7.232900881315815e-002
1.470000000000000e+002 7.044856429694496e-002
1.480000000000000e+002 6.870314636779667e-002
1.490000000000000e+002 6.700263977672745e-002
1.500000000000000e+002 6.539202551367553e-002
1.510000000000000e+002 6.380129887700216e-002
1.520000000000000e+002 6.222905797383366e-002
1.530000000000000e+002 6.062607071602664e-002
1.540000000000000e+002 5.892318522368942e-002
1.550000000000000e+002 5.725540233068829e-002
1.560000000000000e+002 5.554735685114887e-002
1.570000000000000e+002 5.380876692253853e-002
1.580000000000000e+002 5.202345931739021e-002
1.590000000000000e+002 5.025064961568299e-002
1.600000000000000e+002 4.846936828059448e-002
1.610000000000000e+002 4.674025398481221e-002
1.620000000000000e+002 4.508236732608120e-002
1.630000000000000e+002 4.346099679148492e-002
1.640000000000000e+002 4.194233604190863e-002
1.650000000000000e+002 4.052910253153048e-002
1.660000000000000e+002 3.921348001382541e-002
1.670000000000000e+002 3.797755313712195e-002
1.680000000000000e+002 3.681557618101183e-002
1.690000000000000e+002 3.570820250610159e-002
1.700000000000000e+002 3.463573339382348e-002
1.710000000000000e+002 3.362573001963305e-002
1.720000000000000e+002 3.264802621883609e-002
1.730000000000000e+002 3.167376133892196e-002
1.740000000000000e+002 3.071372251144049e-002
1.750000000000000e+002 2.976191129951165e-002
1.760000000000000e+002 2.883397621513957e-002
1.770000000000000e+002 2.790093413854697e-002
1.780000000000000e+002 2.696807242754397e-002
1.790000000000000e+002 2.602939262783718e-002
1.800000000000000e+002 2.511833670558573e-002
1.810000000000000e+002 2.419256925476742e-002
1.820000000000000e+002 2.330082606813516e-002
1.830000000000000e+002 2.240395961292269e-002
1.840000000000000e+002 2.149363631565068e-002
1.850000000000000e+002 2.057944868746057e-002
1.860000000000000e+002 1.967896373673134e-002
1.870000000000000e+002 1.876724535820086e-002
1.880000000000000e+002 1.786704096995080e-002
1.890000000000000e+002 1.697621520435295e-002
1.900000000000000e+002 1.608546927769374e-002
1.910000000000000e+002 1.521499053572571e-002
1.920000000000000e+002 1.436702452689281e-002
1.930000000000000e+002 1.356787499995004e-002
1.940000000000000e+002 1.280718912898563e-002
1.950000000000000e+002 1.207650346204467e-002
1.960000000000000e+002 1.138590657368086e-002
1.970000000000000e+002 1.074661135505003e-002
1.980000000000000e+002 1.013864220988110e-002
1.990000000000000e+002 9.575487318277474e-003
2.000000000000000e+002 9.044896365199706e-003
2.010000000000000e+002 8.542434321455726e-003
2.020000000000000e+002 8.066086231766962e-003
2.030000000000000e+002 7.595268944206133e-003
2.040000000000000e+002 7.141149938404966e-003
2.050000000000000e+002 6.699824241973336e-003
2.060000000000000e+002 6.269245543154509e-003
2.070000000000000e+002 5.843438926281195e-003
2.080000000000000e+002 5.449669544513823e-003
2.090000000000000e+002 5.080534623018006e-003
2.100000000000000e+002 4.728124075655351e-003
2.110000000000000e+002 4.409378763897675e-003
2.120000000000000e+002 4.117302671688400e-003
2.130000000000000e+002 3.879797932412418e-003
2.140000000000000e+002 3.688706512417417e-003
2.150000000000000e+002 3.545459868898391e-003
2.160000000000000e+002 3.457603077802730e-003
2.170000000000000e+002 3.421270436050836e-003
2.180000000000000e+002 3.427820481427472e-003
2.190000000000000e+002 3.489571846613678e-003
2.200000000000000e+002 3.583316935918645e-003
2.210000000000000e+002 3.700443959196810e-003
2.220000000000000e+002 3.825666355250132e-003
2.230000000000000e+002 3.943827802825954e-003
2.240000000000000e+002 4.069877315859242e-003
2.250000000000000e+002 4.159325156164012e-003
2.260000000000000e+002 4.215480187419278e-003
2.270000000000000e+002 4.225729193765504e-003
2.280000000000000e+002 4.181133826919623e-003
2.290000000000000e+002 4.095340323794846e-003
2.300000000000000e+002 3.967393422193373e-003
2.310000000000000e+002 3.801611865924934e-003
2.320000000000000e+002 3.611053948794840e-003
2.330000000000000e+002 3.403752888307765e-003
2.340000000000000e+002 3.189852314265381e-003
2.350000000000000e+002 2.985041504987654e-003
2.360000000000000e+002 2.797014355448272e-003
2.370000000000000e+002 2.628702891503853e-003
2.380000000000000e+002 2.488559631091064e-003
2.390000000000000e+002 2.374864682971308e-003
2.400000000000000e+002 2.285128850430429e-003
2.410000000000000e+002 2.213408940639701e-003
2.420000000000000e+002 2.157843898117808e-003
2.430000000000000e+002 2.106675458992637e-003
2.440000000000000e+002 2.061516951179957e-003
2.450000000000000e+002 2.008798447506599e-003
2.460000000000000e+002 1.948587040224238e-003
2.470000000000000e+002 1.876964983852330e-003
2.480000000000000e+002 1.792630716999146e-003
2.490000000000000e+002 1.688550296467587e-003
2.500000000000000e+002 1.576349286119401e-003
2.510000000000000e+002 1.463060745137852e-003
2.520000000000000e+002 1.341391040863662e-003
2.530000000000000e+002 1.217236257853677e-003
2.540000000000000e+002 1.091806414712621e-003
2.550000000000000e+002 9.715775677607146e-004
2.560000000000000e+002 8.555529564675962e-004
2.570000000000000e+002 7.492615674494871e-004
2.580000000000000e+002 6.536179602715585e-004
2.590000000000000e+002 5.696257503186859e-004
2.600000000000000e+002 4.997275168845860e-004
2.610000000000000e+002 4.452537658819862e-004
2.620000000000000e+002 4.047841428124218e-004
2.630000000000000e+002 3.769697165306478e-004
2.640000000000000e+002 3.607395251120031e-004
2.650000000000000e+002 3.464840169129280e-004
2.660000000000000e+002 3.531096052570156e-004
2.670000000000000e+002 3.652208215266184e-004
2.680000000000000e+002 3.810955529683842e-004
2.690000000000000e+002 3.971639620514087e-004
2.700000000000000e+002 4.156932771207343e-004
2.710000000000000e+002 4.310912821452309e-004
2.720000000000000e+002 4.437335490257596e-004
2.730000000000000e+002 4.540425612125048e-004
2.740000000000000e+002 4.592984912324759e-004
2.750000000000000e+002 4.583642685832597e-004
2.760000000000000e+002 4.501936452407601e-004
2.770000000000000e+002 4.390437811446720e-004
2.780000000000000e+002 4.224925298010915e-004
2.790000000000000e+002 4.017788113457545e-004
2.800000000000000e+002 3.779781249632162e-004
2.810000000000000e+002 3.522509105876813e-004
2.820000000000000e+002 3.257658686206889e-004
2.830000000000000e+002 2.996234852931649e-004
2.840000000000000e+002 2.747858326843926e-004
2.850000000000000e+002 2.520184281399105e-004
2.860000000000000e+002 2.318490861814512e-004
2.870000000000000e+002 2.145472948972462e-004
2.880000000000000e+002 2.001257924890458e-004
2.890000000000000e+002 1.883638791259201e-004
2.900000000000000e+002 1.805384730983392e-004
2.910000000000000e+002 1.741142851021882e-004
2.920000000000000e+002 1.693504848835496e-004
2.930000000000000e+002 1.664348181459050e-004
2.940000000000000e+002 1.641662400650268e-004
2.950000000000000e+002 1.625543549017869e-004
2.960000000000000e+002 1.599185132187051e-004
2.970000000000000e+002 1.602825355038964e-004
2.980000000000000e+002 1.610333111374418e-004
2.990000000000000e+002 1.632757534916379e-004
3.000000000000000e+002 1.667963231696139e-004
3.010000000000000e+002 1.711225023076862e-004
3.020000000000000e+002 1.778789819486011e-004
3.030000000000000e+002 1.855688132525273e-004
3.040000000000000e+002 1.946019636906040e-004
3.050000000000000e+002 2.039246032488630e-004
3.060000000000000e+002 2.128170934181776e-004
3.070000000000000e+002 2.204626805276773e-004
3.080000000000000e+002 2.260366568589368e-004
3.090000000000000e+002 2.288002455645368e-004
3.100000000000000e+002 2.281863767266924e-004
3.110000000000000e+002 2.238655958513859e-004
3.120000000000000e+002 2.154639436047596e-004
3.130000000000000e+002 2.039638960759965e-004
3.140000000000000e+002 1.893616222977379e-004
3.150000000000000e+002 1.720081643147017e-004
3.160000000000000e+002 1.535042515390626e-004
3.170000000000000e+002 1.340206441028038e-004
3.180000000000000e+002 1.144744704568909e-004
3.190000000000000e+002 9.608805529709833e-005
3.200000000000000e+002 7.896735548838056e-005
3.210000000000000e+002 6.354095807318602e-005
3.220000000000000e+002 5.006090198134209e-005
3.230000000000000e+002 3.861831350611016e-005
3.240000000000000e+002 2.917083138805713e-005
3.250000000000000e+002 2.157627485365342e-005
3.260000000000000e+002 1.562743378546630e-005
3.270000000000000e+002 1.108393213952377e-005
3.280000000000000e+002 7.698506810533007e-006
3.290000000000000e+002 5.236450624999868e-006
3.300000000000000e+002 3.488162744212727e-006
3.310000000000000e+002 6.067637628093793e-007
3.320000000000000e+002 4.064308539040531e-007
3.330000000000000e+002 2.664075423175511e-007
3.340000000000000e+002 1.052969476063569e-030
3.350000000000000e+002 7.992129542779847e-031
3.360000000000000e+002 5.948680036949358e-031
3.370000000000000e+002 4.341474732668930e-031
3.380000000000000e+002 3.106415287414029e-031
3.390000000000000e+002 1.815214264047820e-031
3.400000000000000e+002 1.269723928352246e-031
3.410000000000000e+002 8.691275672115200e-032
3.420000000000000e+002 5.821709880263635e-032
3.430000000000000e+002 3.816017918888054e-032
3.440000000000000e+002 0.000000000000000e+000
3.450000000000000e+002 0.000000000000000e+000
3.460000000000000e+002 0.000000000000000e+000
3.470000000000000e+002 0.000000000000000e+000
3.480000000000000e+002 0.000000000000000e+000
3.490000000000000e+002 0.000000000000000e+000
3.500000000000000e+002 0.000000000000000e+000
3.510000000000000e+002 0.000000000000000e+000
3.520000000000000e+002 0.000000000000000e+000
3.530000000000000e+002 0.000000000000000e+000
3.540000000000000e+002 0.000000000000000e+000
