-3.530000000000000e+002 0.000000000000000e+000
-3.520000000000000e+002 0.000000000000000e+000
-3.510000000000000e+002 0.000000000000000e+000
-3.500000000000000e+002 0.000000000000000e+000
-3.490000000000000e+002 0.000000000000000e+000
-3.480000000000000e+002 0.000000000000000e+000
-3.470000000000000e+002 0.000000000000000e+000
-3.460000000000000e+002 0.000000000000000e+000
-3.450000000000000e+002 0.000000000000000e+000
-3.440000000000000e+002 0.000000000000000e+000
-3.430000000000000e+002 0.000000000000000e+000
-3.420000000000000e+002 0.000000000000000e+000
-3.410000000000000e+002 0.000000000000000e+000
-3.400000000000000e+002 0.000000000000000e+000
-3.390000000000000e+002 0.000000000000000e+000
-3.380000000000000e+002 0.000000000000000e+000
-3.370000000000000e+002 0.000000000000000e+000
-3.360000000000000e+002 0.000000000000000e+000
-3.350000000000000e+002 0.000000000000000e+000
-3.340000000000000e+002 0.000000000000000e+000
-3.330000000000000e+002 0.000000000000000e+000
-3.320000000000000e+002 0.000000000000000e+000
-3.310000000000000e+002 0.000000000000000e+000
-3.300000000000000e+002 0.000000000000000e+000
-3.290000000000000e+002 0.000000000000000e+000
-3.280000000000000e+002 0.000000000000000e+000
-3.270000000000000e+002 0.000000000000000e+000
-3.260000000000000e+002 0.000000000000000e+000
-3.250000000000000e+002 0.000000000000000e+000
-3.240000000000000e+002 0.000000000000000e+000
-3.230000000000000e+002 0.000000000000000e+000
-3.220000000000000e+002 0.000000000000000e+000
-3.210000000000000e+002 0.000000000000000e+000
-3.200000000000000e+002 0.000000000000000e+000
-3.190000000000000e+002 0.000000000000000e+000
-3.180000000000000e+002 0.000000000000000e+000
-3.170000000000000e+002 0.000000000000000e+000
-3.160000000000000e+002 0.000000000000000e+000
-3.150000000000000e+002 0.000000000000000e+000
-3.140000000000000e+002 0.000000000000000e+000
-3.130000000000000e+002 0.000000000000000e+000
-3.120000000000000e+002 0.000000000000000e+000
-3.110000000000000e+002 0.000000000000000e+000
-3.100000000000000e+002 0.000000000000000e+000
-3.090000000000000e+002 0.000000000000000e+000
-3.080000000000000e+002 0.000000000000000e+000
-3.070000000000000e+002 0.000000000000000e+000
-3.060000000000000e+002 0.000000000000000e+000
-3.050000000000000e+002 0.000000000000000e+000
-3.040000000000000e+002 0.000000000000000e+000
-3.030000000000000e+002 0.000000000000000e+000
-3.020000000000000e+002 0.000000000000000e+000
-3.010000000000000e+002 0.000000000000000e+000
-3.000000000000000e+002 0.000000000000000e+000
-2.990000000000000e+002 0.000000000000000e+000
-2.980000000000000e+002 0.000000000000000e+000
-2.970000000000000e+002 0.000000000000000e+000
-2.960000000000000e+002 0.000000000000000e+000
-2.950000000000000e+002 0.000000000000000e+000
-2.940000000000000e+002 0.000000000000000e+000
-2.930000000000000e+002 0.000000000000000e+000
-2.920000000000000e+002 0.000000000000000e+000
-2.910000000000000e+002 0.000000000000000e+000
-2.900000000000000e+002 0.000000000000000e+000
-2.890000000000000e+002 0.000000000000000e+000
-2.880000000000000e+002 0.000000000000000e+000
-2.870000000000000e+002 0.000000000000000e+000
-2.860000000000000e+002 0.000000000000000e+000
-2.850000000000000e+002 0.000000000000000e+000
-2.840000000000000e+002 0.000000000000000e+000
-2.830000000000000e+002 0.000000000000000e+000
-2.820000000000000e+002 0.000000000000000e+000
-2.810000000000000e+002 0.000000000000000e+000
-2.800000000000000e+002 0.000000000000000e+000
-2.790000000000000e+002 0.000000000000000e+000
-2.780000000000000e+002 0.000000000000000e+000
-2.770000000000000e+002 0.000000000000000e+000
-2.760000000000000e+002 0.000000000000000e+000
-2.750000000000000e+002 0.000000000000000e+000
-2.740000000000000e+002 0.000000000000000e+000
-2.730000000000000e+002 0.000000000000000e+000
-2.720000000000000e+002 0.000000000000000e+000
-2.710000000000000e+002 0.000000000000000e+000
-2.700000000000000e+002 0.000000000000000e+000
-2.690000000000000e+002 0.000000000000000e+000
-2.680000000000000e+002 0.000000000000000e+000
-2.670000000000000e+002 0.000000000000000e+000
-2.660000000000000e+002 0.000000000000000e+000
-2.650000000000000e+002 0.000000000000000e+000
-2.640000000000000e+002 0.000000000000000e+000
-2.630000000000000e+002 0.000000000000000e+000
-2.620000000000000e+002 0.000000000000000e+000
-2.610000000000000e+002 0.000000000000000e+000
-2.600000000000000e+002 0.000000000000000e+000
-2.590000000000000e+002 0.000000000000000e+000
-2.580000000000000e+002 0.000000000000000e+000
-2.570000000000000e+002 0.000000000000000e+000
-2.560000000000000e+002 0.000000000000000e+000
-2.550000000000000e+002 0.000000000000000e+000
-2.540000000000000e+002 0.000000000000000e+000
-2.530000000000000e+002 0.000000000000000e+000
-2.520000000000000e+002 0.000000000000000e+000
-2.510000000000000e+002 0.000000000000000e+000
-2.500000000000000e+002 0.000000000000000e+000
-2.490000000000000e+002 0.000000000000000e+000
-2.480000000000000e+002 0.000000000000000e+000
-2.470000000000000e+002 0.000000000000000e+000
-2.460000000000000e+002 0.000000000000000e+000
-2.450000000000000e+002 0.000000000000000e+000
-2.440000000000000e+002 0.000000000000000e+000
-2.430000000000000e+002 0.000000000000000e+000
-2.420000000000000e+002 0.000000000000000e+000
-2.410000000000000e+002 0.000000000000000e+000
-2.400000000000000e+002 0.000000000000000e+000
-2.390000000000000e+002 0.000000000000000e+000
-2.380000000000000e+002 0.000000000000000e+000
-2.370000000000000e+002 0.000000000000000e+000
-2.360000000000000e+002 0.000000000000000e+000
-2.350000000000000e+002 0.000000000000000e+000
-2.340000000000000e+002 0.000000000000000e+000
-2.330000000000000e+002 0.000000000000000e+000
-2.320000000000000e+002 0.000000000000000e+000
-2.310000000000000e+002 0.000000000000000e+000
-2.300000000000000e+002 0.000000000000000e+000
-2.290000000000000e+002 0.000000000000000e+000
-2.280000000000000e+002 0.000000000000000e+000
-2.270000000000000e+002 0.000000000000000e+000
-2.260000000000000e+002 0.000000000000000e+000
-2.250000000000000e+002 0.000000000000000e+000
-2.240000000000000e+002 0.000000000000000e+000
-2.230000000000000e+002 1.560352216097105e-005
-2.220000000000000e+002 1.086299208748178e-004
-2.210000000000000e+002 9.301063396637078e-004
-2.200000000000000e+002 3.526971829783768e-003
-2.190000000000000e+002 8.933113879737683e-003
-2.180000000000000e+002 1.764281460711892e-002
-2.170000000000000e+002 3.182099559163275e-002
-2.160000000000000e+002 5.293596823509670e-002
-2.150000000000000e+002 8.183691877457971e-002
-2.140000000000000e+002 1.222958618299958e-001
-2.130000000000000e+002 1.767243722090438e-001
-2.120000000000000e+002 2.493803157631629e-001
-2.110000000000000e+002 3.418878324797130e-001
-2.100000000000000e+002 4.604381582655225e-001
-2.090000000000000e+002 6.082087366252483e-001
-2.080000000000000e+002 7.869216326449535e-001
-2.070000000000000e+002 9.990163005654622e-001
-2.060000000000000e+002 1.246168990451188e+000
-2.050000000000000e+002 1.529419981577753e+000
-2.040000000000000e+002 1.846955244612749e+000
-2.030000000000000e+002 2.195068015391076e+000
-2.020000000000000e+002 2.571505789246171e+000
-2.010000000000000e+002 2.970748794701815e+000
-2.000000000000000e+002 3.391693808545961e+000
-1.990000000000000e+002 3.829886344452497e+000
-1.980000000000000e+002 4.280538056470862e+000
-1.970000000000000e+002 4.740528212043669e+000
-1.960000000000000e+002 5.216622783531479e+000
-1.950000000000000e+002 5.711685737998971e+000
-1.940000000000000e+002 6.238943241139347e+000
-1.930000000000000e+002 6.809269745001546e+000
-1.920000000000000e+002 7.441393797472825e+000
-1.910000000000000e+002 8.162910453255874e+000
-1.900000000000000e+002 8.998535787508590e+000
-1.890000000000000e+002 9.972048583004101e+000
-1.880000000000000e+002 1.110608261943766e+001
-1.870000000000000e+002 1.243196670227632e+001
-1.860000000000000e+002 1.397911757774382e+001
-1.850000000000000e+002 1.577308681113606e+001
-1.840000000000000e+002 1.784666922278009e+001
-1.830000000000000e+002 2.021628319531009e+001
-1.820000000000000e+002 2.291675905473030e+001
-1.810000000000000e+002 2.596527011923259e+001
-1.800000000000000e+002 2.938083949436902e+001
-1.790000000000000e+002 3.322445041511126e+001
-1.780000000000000e+002 3.753713233033479e+001
-1.770000000000000e+002 4.236786121841753e+001
-1.760000000000000e+002 4.777214872364191e+001
-1.750000000000000e+002 5.377950483331141e+001
-1.740000000000000e+002 6.043705028935446e+001
-1.730000000000000e+002 6.776611511718350e+001
-1.720000000000000e+002 7.579991654700977e+001
-1.710000000000000e+002 8.451133790171968e+001
-1.700000000000000e+002 9.388796981981230e+001
-1.690000000000000e+002 1.038760615736679e+002
-1.680000000000000e+002 1.143715966672278e+002
-1.670000000000000e+002 1.252512093056465e+002
-1.660000000000000e+002 1.363770753140444e+002
-1.650000000000000e+002 1.475573645526873e+002
-1.640000000000000e+002 1.586009962056336e+002
-1.630000000000000e+002 1.693061960557915e+002
-1.620000000000000e+002 1.794617351536218e+002
-1.610000000000000e+002 1.888846718362529e+002
-1.600000000000000e+002 1.973777553820989e+002
-1.590000000000000e+002 2.048023593004892e+002
-1.580000000000000e+002 2.110307988589676e+002
-1.570000000000000e+002 2.159808667250621e+002
-1.560000000000000e+002 2.196200277377097e+002
-1.550000000000000e+002 2.219424014785493e+002
-1.540000000000000e+002 2.229947816984021e+002
-1.530000000000000e+002 2.228501555518393e+002
-1.520000000000000e+002 2.216127822576827e+002
-1.510000000000000e+002 2.194086915646542e+002
-1.500000000000000e+002 2.163629651793976e+002
-1.490000000000000e+002 2.126213304872590e+002
-1.480000000000000e+002 2.083244045410358e+002
-1.470000000000000e+002 2.036123473887538e+002
-1.460000000000000e+002 1.985769231410060e+002
-1.450000000000000e+002 1.933337827447701e+002
-1.440000000000000e+002 1.879597373233432e+002
-1.430000000000000e+002 1.825158935331168e+002
-1.420000000000000e+002 1.770652490964544e+002
-1.410000000000000e+002 1.716383958154127e+002
-1.400000000000000e+002 1.662706582736352e+002
-1.390000000000000e+002 1.610040987863994e+002
-1.380000000000000e+002 1.558215296355792e+002
-1.370000000000000e+002 1.507575785850508e+002
-1.360000000000000e+002 1.458226408915139e+002
-1.350000000000000e+002 1.410454914482067e+002
-1.340000000000000e+002 1.364691646506522e+002
-1.330000000000000e+002 1.320972883327390e+002
-1.320000000000000e+002 1.279572916893828e+002
-1.310000000000000e+002 1.240430364827158e+002
-1.300000000000000e+002 1.203894225433720e+002
-1.290000000000000e+002 1.169717082213372e+002
-1.280000000000000e+002 1.137802765550480e+002
-1.270000000000000e+002 1.108067358239047e+002
-1.260000000000000e+002 1.080279728359959e+002
-1.250000000000000e+002 1.053889138120234e+002
-1.240000000000000e+002 1.028665920950582e+002
-1.230000000000000e+002 1.004137650454653e+002
-1.220000000000000e+002 9.798901869860239e+001
-1.210000000000000e+002 9.556007389209363e+001
-1.200000000000000e+002 9.308235815578982e+001
-1.190000000000000e+002 9.055221549963981e+001
-1.180000000000000e+002 8.793166435097093e+001
-1.170000000000000e+002 8.523183096162366e+001
-1.160000000000000e+002 8.245295469950550e+001
-1.150000000000000e+002 7.959170426095854e+001
-1.140000000000000e+002 7.667028207647729e+001
-1.130000000000000e+002 7.370958681112738e+001
-1.120000000000000e+002 7.072002433218412e+001
-1.110000000000000e+002 6.772953273226292e+001
-1.100000000000000e+002 6.475383371796363e+001
-1.090000000000000e+002 6.182629994546834e+001
-1.080000000000000e+002 5.895569599971667e+001
-1.070000000000000e+002 5.616653779626710e+001
-1.060000000000000e+002 5.347857383802315e+001
-1.050000000000000e+002 5.091090938028194e+001
-1.040000000000000e+002 4.846143349091805e+001
-1.030000000000000e+002 4.616245691499847e+001
-1.020000000000000e+002 4.402255204622502e+001
-1.010000000000000e+002 4.204837900151304e+001
-1.000000000000000e+002 4.024560185900369e+001
-9.900000000000000e+001 3.861727078851329e+001
-9.800000000000000e+001 3.714318239499514e+001
-9.700000000000000e+001 3.583028698596414e+001
-9.600000000000000e+001 3.464909793604146e+001
-9.500000000000000e+001 3.359045861696680e+001
-9.400000000000000e+001 3.262325616862573e+001
-9.300000000000000e+001 3.173091865578275e+001
-9.200000000000000e+001 3.089364675543318e+001
-9.100000000000000e+001 3.008675834341450e+001
-9.000000000000000e+001 2.929791983214817e+001
-8.900000000000000e+001 2.851179966788971e+001
-8.800000000000000e+001 2.773697722223521e+001
-8.700000000000000e+001 2.698731267619454e+001
-8.600000000000000e+001 2.627458870714182e+001
-8.500000000000000e+001 2.561503771530199e+001
-8.400000000000000e+001 2.503189631025378e+001
-8.300000000000000e+001 2.455558232466119e+001
-8.200000000000000e+001 2.420619000323755e+001
-8.100000000000000e+001 2.400264741043987e+001
-8.000000000000000e+001 2.395419208824672e+001
-7.900000000000000e+001 2.406789437956528e+001
-7.800000000000000e+001 2.433555771948770e+001
-7.700000000000000e+001 2.474217437815416e+001
-7.600000000000000e+001 2.524723292852437e+001
-7.500000000000000e+001 2.581559155199619e+001
-7.400000000000000e+001 2.640888051709634e+001
-7.300000000000000e+001 2.697458736313697e+001
-7.200000000000000e+001 2.746952536125839e+001
-7.100000000000000e+001 2.786196708056561e+001
-7.000000000000000e+001 2.811521732748107e+001
-6.900000000000000e+001 2.820891207454864e+001
-6.800000000000000e+001 2.812357616942690e+001
-6.700000000000000e+001 2.786328156967432e+001
-6.600000000000000e+001 2.742822552750914e+001
-6.500000000000000e+001 2.682748521608342e+001
-6.400000000000000e+001 2.609319475849767e+001
-6.300000000000000e+001 2.523647645040581e+001
-6.200000000000000e+001 2.427151810236510e+001
-6.100000000000000e+001 2.322239391552698e+001
-6.000000000000000e+001 2.210611659782698e+001
-5.900000000000000e+001 2.093742828419722e+001
-5.800000000000000e+001 1.973003343401042e+001
-5.700000000000000e+001 1.849795558869109e+001
-5.600000000000000e+001 1.725071829757394e+001
-5.500000000000000e+001 1.600291909179233e+001
-5.400000000000000e+001 1.476416467626615e+001
-5.300000000000000e+001 1.354684824441784e+001
-5.200000000000000e+001 1.235860174917283e+001
-5.100000000000000e+001 1.122823923941190e+001
-5.000000000000000e+001 1.015911252008823e+001
-4.900000000000000e+001 9.174942911950902e+000
-4.800000000000000e+001 8.296367366825928e+000
-4.700000000000000e+001 7.532995656899587e+000
-4.600000000000000e+001 6.897089919344706e+000
-4.500000000000000e+001 6.408060877391439e+000
-4.400000000000000e+001 6.071858856090026e+000
-4.300000000000000e+001 5.901257704957802e+000
-4.200000000000000e+001 5.880473767483220e+000
-4.100000000000000e+001 6.007364549942825e+000
-4.000000000000000e+001 6.277880426808427e+000
-3.900000000000000e+001 6.681033152679536e+000
-3.800000000000000e+001 7.194447337444415e+000
-3.700000000000000e+001 7.801336043025225e+000
-3.600000000000000e+001 8.474334626325938e+000
-3.500000000000000e+001 9.193806770941139e+000
-3.400000000000000e+001 9.926659511420626e+000
-3.300000000000000e+001 1.064433850267509e+001
-3.200000000000000e+001 1.132259109281338e+001
-3.100000000000000e+001 1.193563919748827e+001
-3.000000000000000e+001 1.246551646209713e+001
-2.900000000000000e+001 1.289231566033478e+001
-2.800000000000000e+001 1.320150201262360e+001
-2.700000000000000e+001 1.338419612679994e+001
-2.600000000000000e+001 1.343417581295398e+001
-2.500000000000000e+001 1.334901689851902e+001
-2.400000000000000e+001 1.313086896306758e+001
-2.300000000000000e+001 1.278535160988914e+001
-2.200000000000000e+001 1.232349438336472e+001
-2.100000000000000e+001 1.175446547677620e+001
-2.000000000000000e+001 1.391713490909373e+001
-1.900000000000000e+001 1.466355124993225e+001
-1.800000000000000e+001 1.599090767896251e+001
-1.700000000000000e+001 1.811923022664708e+001
-1.600000000000000e+001 2.129843119267884e+001
-1.500000000000000e+001 2.579676207802851e+001
-1.400000000000000e+001 3.188678788626986e+001
-1.300000000000000e+001 3.981222897097004e+001
-1.200000000000000e+001 4.975977408034074e+001
-1.100000000000000e+001 6.182878715784723e+001
-1.000000000000000e+001 7.598193601713378e+001
-9.000000000000000e+000 9.203587919179208e+001
-8.000000000000000e+000 1.096059979310847e+002
-7.000000000000000e+000 1.281287284981022e+002
-6.000000000000000e+000 1.468777443115892e+002
-5.000000000000000e+000 1.649883938549776e+002
-4.000000000000000e+000 1.815289193444000e+002
-3.000000000000000e+000 1.955685113940212e+002
-2.000000000000000e+000 2.062636963700116e+002
-1.000000000000000e+000 2.129465806252305e+002
0.000000000000000e+000 2.151782575564398e+002
1.000000000000000e+000 2.127992193937093e+002
2.000000000000000e+000 2.059544670534288e+002
3.000000000000000e+000 1.950706279026541e+002
4.000000000000000e+000 1.808085366009574e+002
5.000000000000000e+000 1.640047879701776e+002
6.000000000000000e+000 1.455772990585044e+002
7.000000000000000e+000 1.264551497946231e+002
8.000000000000000e+000 1.074926562961417e+002
9.000000000000000e+000 8.941650741850118e+001
1.000000000000000e+001 7.278626302201543e+001
1.100000000000000e+001 5.797943182952888e+001
1.200000000000000e+001 4.519509467276262e+001
1.300000000000000e+001 3.447477642774550e+001
1.400000000000000e+001 2.573383008004738e+001
1.500000000000000e+001 1.879750513818120e+001
1.600000000000000e+001 1.343658203701772e+001
1.700000000000000e+001 9.398752569090606e+000
1.800000000000000e+001 6.433457520011848e+000
1.900000000000000e+001 4.309347053468184e+000
2.000000000000000e+001 2.824693417047663e+000
2.100000000000000e+001 0.000000000000000e+000
2.200000000000000e+001 0.000000000000000e+000
2.300000000000000e+001 0.000000000000000e+000
2.400000000000000e+001 0.000000000000000e+000
2.500000000000000e+001 0.000000000000000e+000
2.600000000000000e+001 0.000000000000000e+000
2.700000000000000e+001 0.000000000000000e+000
2.800000000000000e+001 0.000000000000000e+000
2.900000000000000e+001 0.000000000000000e+000
3.000000000000000e+001 0.000000000000000e+000
3.100000000000000e+001 0.000000000000000e+000
3.200000000000000e+001 0.000000000000000e+000
3.300000000000000e+001 0.000000000000000e+000
3.400000000000000e+001 0.000000000000000e+000
3.500000000000000e+001 0.000000000000000e+000
3.600000000000000e+001 0.000000000000000e+000
3.700000000000000e+001 0.000000000000000e+000
3.800000000000000e+001 0.000000000000000e+000
3.900000000000000e+001 0.000000000000000e+000
4.000000000000000e+001 0.000000000000000e+000
4.100000000000000e+001 0.000000000000000e+000
4.200000000000000e+001 0.000000000000000e+000
4.300000000000000e+001 0.000000000000000e+000
4.400000000000000e+001 0.000000000000000e+000
4.500000000000000e+001 0.000000000000000e+000
4.600000000000000e+001 0.000000000000000e+000
4.700000000000000e+001 0.000000000000000e+000
4.800000000000000e+001 0.000000000000000e+000
4.900000000000000e+001 0.000000000000000e+000
5.000000000000000e+001 0.000000000000000e+000
5.100000000000000e+001 0.000000000000000e+000
5.200000000000000e+001 0.000000000000000e+000
5.300000000000000e+001 0.000000000000000e+000
5.400000000000000e+001 0.000000000000000e+000
5.500000000000000e+001 0.000000000000000e+000
5.600000000000000e+001 0.000000000000000e+000
5.700000000000000e+001 0.000000000000000e+000
5.800000000000000e+001 0.000000000000000e+000
5.900000000000000e+001 0.000000000000000e+000
6.000000000000000e+001 0.000000000000000e+000
6.100000000000000e+001 0.000000000000000e+000
6.200000000000000e+001 0.000000000000000e+000
6.300000000000000e+001 0.000000000000000e+000
6.400000000000000e+001 0.000000000000000e+000
6.500000000000000e+001 0.000000000000000e+000
6.600000000000000e+001 0.000000000000000e+000
6.700000000000000e+001 0.000000000000000e+000
6.800000000000000e+001 0.000000000000000e+000
6.900000000000000e+001 0.000000000000000e+000
7.000000000000000e+001 0.000000000000000e+000
7.100000000000000e+001 0.000000000000000e+000
7.200000000000000e+001 0.000000000000000e+000
7.300000000000000e+001 0.000000000000000e+000
7.400000000000000e+001 0.000000000000000e+000
7.500000000000000e+001 0.000000000000000e+000
7.600000000000000e+001 0.000000000000000e+000
7.700000000000000e+001 0.000000000000000e+000
7.800000000000000e+001 0.000000000000000e+000
7.900000000000000e+001 0.000000000000000e+000
8.000000000000000e+001 0.000000000000000e+000
8.100000000000000e+001 0.000000000000000e+000
8.200000000000000e+001 0.000000000000000e+000
8.300000000000000e+001 0.000000000000000e+000
8.400000000000000e+001 0.000000000000000e+000
8.500000000000000e+001 0.000000000000000e+000
8.600000000000000e+001 0.000000000000000e+000
8.700000000000000e+001 0.000000000000000e+000
8.800000000000000e+001 0.000000000000000e+000
8.900000000000000e+001 0.000000000000000e+000
9.000000000000000e+001 0.000000000000000e+000
9.100000000000000e+001 0.000000000000000e+000
9.200000000000000e+001 0.000000000000000e+000
9.300000000000000e+001 0.000000000000000e+000
9.400000000000000e+001 0.000000000000000e+000
9.500000000000000e+001 0.000000000000000e+000
9.600000000000000e+001 0.000000000000000e+000
9.700000000000000e+001 0.000000000000000e+000
9.800000000000000e+001 0.000000000000000e+000
9.900000000000000e+001 0.000000000000000e+000
1.000000000000000e+002 0.000000000000000e+000
1.010000000000000e+002 0.000000000000000e+000
1.020000000000000e+002 0.000000000000000e+000
1.030000000000000e+002 0.000000000000000e+000
1.040000000000000e+002 0.000000000000000e+000
1.050000000000000e+002 0.000000000000000e+000
1.060000000000000e+002 0.000000000000000e+000
1.070000000000000e+002 0.000000000000000e+000
1.080000000000000e+002 0.000000000000000e+000
1.090000000000000e+002 0.000000000000000e+000
1.100000000000000e+002 0.000000000000000e+000
1.110000000000000e+002 0.000000000000000e+000
1.120000000000000e+002 0.000000000000000e+000
1.130000000000000e+002 0.000000000000000e+000
1.140000000000000e+002 0.000000000000000e+000
1.150000000000000e+002 0.000000000000000e+000
1.160000000000000e+002 0.000000000000000e+000
1.170000000000000e+002 0.000000000000000e+000
1.180000000000000e+002 0.000000000000000e+000
1.190000000000000e+002 0.000000000000000e+000
1.200000000000000e+002 0.000000000000000e+000
1.210000000000000e+002 0.000000000000000e+000
1.220000000000000e+002 0.000000000000000e+000
1.230000000000000e+002 0.000000000000000e+000
1.240000000000000e+002 0.000000000000000e+000
1.250000000000000e+002 0.000000000000000e+000
1.260000000000000e+002 0.000000000000000e+000
1.270000000000000e+002 0.000000000000000e+000
1.280000000000000e+002 0.000000000000000e+000
1.290000000000000e+002 0.000000000000000e+000
1.300000000000000e+002 0.000000000000000e+000
1.310000000000000e+002 0.000000000000000e+000
1.320000000000000e+002 0.000000000000000e+000
1.330000000000000e+002 0.000000000000000e+000
1.340000000000000e+002 0.000000000000000e+000
1.350000000000000e+002 0.000000000000000e+000
1.360000000000000e+002 0.000000000000000e+000
1.370000000000000e+002 0.000000000000000e+000
1.380000000000000e+002 0.000000000000000e+000
1.390000000000000e+002 0.000000000000000e+000
1.400000000000000e+002 0.000000000000000e+000
1.410000000000000e+002 0.000000000000000e+000
1.420000000000000e+002 0.000000000000000e+000
1.430000000000000e+002 0.000000000000000e+000
1.440000000000000e+002 0.000000000000000e+000
1.450000000000000e+002 0.000000000000000e+000
1.460000000000000e+002 0.000000000000000e+000
1.470000000000000e+002 0.000000000000000e+000
1.480000000000000e+002 0.000000000000000e+000
1.490000000000000e+002 0.000000000000000e+000
1.500000000000000e+002 0.000000000000000e+000
1.510000000000000e+002 0.000000000000000e+000
1.520000000000000e+002 0.000000000000000e+000
1.530000000000000e+002 0.000000000000000e+000
1.540000000000000e+002 0.000000000000000e+000
1.550000000000000e+002 0.000000000000000e+000
1.560000000000000e+002 0.000000000000000e+000
1.570000000000000e+002 0.000000000000000e+000
1.580000000000000e+002 0.000000000000000e+000
1.590000000000000e+002 0.000000000000000e+000
1.600000000000000e+002 0.000000000000000e+000
1.610000000000000e+002 0.000000000000000e+000
1.620000000000000e+002 0.000000000000000e+000
1.630000000000000e+002 0.000000000000000e+000
1.640000000000000e+002 0.000000000000000e+000
1.650000000000000e+002 0.000000000000000e+000
1.660000000000000e+002 0.000000000000000e+000
1.670000000000000e+002 0.000000000000000e+000
1.680000000000000e+002 0.000000000000000e+000
1.690000000000000e+002 0.000000000000000e+000
1.700000000000000e+002 0.000000000000000e+000
1.710000000000000e+002 0.000000000000000e+000
1.720000000000000e+002 0.000000000000000e+000
1.730000000000000e+002 0.000000000000000e+000
1.740000000000000e+002 0.000000000000000e+000
1.750000000000000e+002 0.000000000000000e+000
1.760000000000000e+002 0.000000000000000e+000
1.770000000000000e+002 0.000000000000000e+000
1.780000000000000e+002 0.000000000000000e+000
1.790000000000000e+002 0.000000000000000e+000
1.800000000000000e+002 0.000000000000000e+000
1.810000000000000e+002 0.000000000000000e+000
1.820000000000000e+002 0.000000000000000e+000
1.830000000000000e+002 0.000000000000000e+000
1.840000000000000e+002 0.000000000000000e+000
1.850000000000000e+002 0.000000000000000e+000
1.860000000000000e+002 0.000000000000000e+000
1.870000000000000e+002 0.000000000000000e+000
1.880000000000000e+002 0.000000000000000e+000
1.890000000000000e+002 0.000000000000000e+000
1.900000000000000e+002 0.000000000000000e+000
1.910000000000000e+002 0.000000000000000e+000
1.920000000000000e+002 0.000000000000000e+000
1.930000000000000e+002 0.000000000000000e+000
1.940000000000000e+002 0.000000000000000e+000
1.950000000000000e+002 0.000000000000000e+000
1.960000000000000e+002 0.000000000000000e+000
1.970000000000000e+002 0.000000000000000e+000
1.980000000000000e+002 0.000000000000000e+000
1.990000000000000e+002 0.000000000000000e+000
2.000000000000000e+002 0.000000000000000e+000
2.010000000000000e+002 0.000000000000000e+000
2.020000000000000e+002 0.000000000000000e+000
2.030000000000000e+002 0.000000000000000e+000
2.040000000000000e+002 0.000000000000000e+000
2.050000000000000e+002 0.000000000000000e+000
2.060000000000000e+002 0.000000000000000e+000
2.070000000000000e+002 0.000000000000000e+000
2.080000000000000e+002 0.000000000000000e+000
2.090000000000000e+002 0.000000000000000e+000
2.100000000000000e+002 0.000000000000000e+000
2.110000000000000e+002 0.000000000000000e+000
2.120000000000000e+002 0.000000000000000e+000
2.130000000000000e+002 0.000000000000000e+000
2.140000000000000e+002 0.000000000000000e+000
2.150000000000000e+002 0.000000000000000e+000
2.160000000000000e+002 0.000000000000000e+000
2.170000000000000e+002 0.000000000000000e+000
2.180000000000000e+002 0.000000000000000e+000
2.190000000000000e+002 0.000000000000000e+000
2.200000000000000e+002 0.000000000000000e+000
2.210000000000000e+002 0.000000000000000e+000
2.220000000000000e+002 0.000000000000000e+000
2.230000000000000e+002 0.000000000000000e+000
2.240000000000000e+002 0.000000000000000e+000
2.250000000000000e+002 0.000000000000000e+000
2.260000000000000e+002 0.000000000000000e+000
2.270000000000000e+002 0.000000000000000e+000
2.280000000000000e+002 0.000000000000000e+000
2.290000000000000e+002 0.000000000000000e+000
2.300000000000000e+002 0.000000000000000e+000
2.310000000000000e+002 0.000000000000000e+000
2.320000000000000e+002 0.000000000000000e+000
2.330000000000000e+002 0.000000000000000e+000
2.340000000000000e+002 0.000000000000000e+000
2.350000000000000e+002 0.000000000000000e+000
2.360000000000000e+002 0.000000000000000e+000
2.370000000000000e+002 0.000000000000000e+000
2.380000000000000e+002 0.000000000000000e+000
2.390000000000000e+002 0.000000000000000e+000
2.400000000000000e+002 0.000000000000000e+000
2.410000000000000e+002 0.000000000000000e+000
2.420000000000000e+002 0.000000000000000e+000
2.430000000000000e+002 0.000000000000000e+000
2.440000000000000e+002 0.000000000000000e+000
2.450000000000000e+002 0.000000000000000e+000
2.460000000000000e+002 0.000000000000000e+000
2.470000000000000e+002 0.000000000000000e+000
2.480000000000000e+002 0.000000000000000e+000
2.490000000000000e+002 0.000000000000000e+000
2.500000000000000e+002 0.000000000000000e+000
2.510000000000000e+002 0.000000000000000e+000
2.520000000000000e+002 0.000000000000000e+000
2.530000000000000e+002 0.000000000000000e+000
2.540000000000000e+002 0.000000000000000e+000
2.550000000000000e+002 0.000000000000000e+000
2.560000000000000e+002 0.000000000000000e+000
2.570000000000000e+002 0.000000000000000e+000
2.580000000000000e+002 0.000000000000000e+000
2.590000000000000e+002 0.000000000000000e+000
2.600000000000000e+002 0.000000000000000e+000
2.610000000000000e+002 0.000000000000000e+000
2.620000000000000e+002 0.000000000000000e+000
2.630000000000000e+002 0.000000000000000e+000
2.640000000000000e+002 0.000000000000000e+000
2.650000000000000e+002 0.000000000000000e+000
2.660000000000000e+002 0.000000000000000e+000
2.670000000000000e+002 0.000000000000000e+000
2.680000000000000e+002 0.000000000000000e+000
2.690000000000000e+002 0.000000000000000e+000
2.700000000000000e+002 0.000000000000000e+000
2.710000000000000e+002 0.000000000000000e+000
2.720000000000000e+002 0.000000000000000e+000
2.730000000000000e+002 0.000000000000000e+000
2.740000000000000e+002 0.000000000000000e+000
2.750000000000000e+002 0.000000000000000e+000
2.760000000000000e+002 0.000000000000000e+000
2.770000000000000e+002 0.000000000000000e+000
2.780000000000000e+002 0.000000000000000e+000
2.790000000000000e+002 0.000000000000000e+000
2.800000000000000e+002 0.000000000000000e+000
2.810000000000000e+002 0.000000000000000e+000
2.820000000000000e+002 0.000000000000000e+000
2.830000000000000e+002 0.000000000000000e+000
2.840000000000000e+002 0.000000000000000e+000
2.850000000000000e+002 0.000000000000000e+000
2.860000000000000e+002 0.000000000000000e+000
2.870000000000000e+002 0.000000000000000e+000
2.880000000000000e+002 0.000000000000000e+000
2.890000000000000e+002 0.000000000000000e+000
2.900000000000000e+002 0.000000000000000e+000
2.910000000000000e+002 0.000000000000000e+000
2.920000000000000e+002 0.000000000000000e+000
2.930000000000000e+002 0.000000000000000e+000
2.940000000000000e+002 0.000000000000000e+000
2.950000000000000e+002 0.000000000000000e+000
2.960000000000000e+002 0.000000000000000e+000
2.970000000000000e+002 0.000000000000000e+000
2.980000000000000e+002 0.000000000000000e+000
2.990000000000000e+002 0.000000000000000e+000
3.000000000000000e+002 0.000000000000000e+000
3.010000000000000e+002 0.000000000000000e+000
3.020000000000000e+002 0.000000000000000e+000
3.030000000000000e+002 0.000000000000000e+000
3.040000000000000e+002 0.000000000000000e+000
3.050000000000000e+002 0.000000000000000e+000
3.060000000000000e+002 0.000000000000000e+000
3.070000000000000e+002 0.000000000000000e+000
3.080000000000000e+002 0.000000000000000e+000
3.090000000000000e+002 0.000000000000000e+000
3.100000000000000e+002 0.000000000000000e+000
3.110000000000000e+002 0.000000000000000e+000
3.120000000000000e+002 0.000000000000000e+000
3.130000000000000e+002 0.000000000000000e+000
3.140000000000000e+002 0.000000000000000e+000
3.150000000000000e+002 0.000000000000000e+000
3.160000000000000e+002 0.000000000000000e+000
3.170000000000000e+002 0.000000000000000e+000
3.180000000000000e+002 0.000000000000000e+000
3.190000000000000e+002 0.000000000000000e+000
3.200000000000000e+002 0.000000000000000e+000
3.210000000000000e+002 0.000000000000000e+000
3.220000000000000e+002 0.000000000000000e+000
3.230000000000000e+002 0.000000000000000e+000
3.240000000000000e+002 0.000000000000000e+000
3.250000000000000e+002 0.000000000000000e+000
3.260000000000000e+002 0.000000000000000e+000
3.270000000000000e+002 0.000000000000000e+000
3.280000000000000e+002 0.000000000000000e+000
3.290000000000000e+002 0.000000000000000e+000
3.300000000000000e+002 0.000000000000000e+000
3.310000000000000e+002 0.000000000000000e+000
3.320000000000000e+002 0.000000000000000e+000
3.330000000000000e+002 0.000000000000000e+000
3.340000000000000e+002 0.000000000000000e+000
3.350000000000000e+002 0.000000000000000e+000
3.360000000000000e+002 0.000000000000000e+000
3.370000000000000e+002 0.000000000000000e+000
3.380000000000000e+002 0.000000000000000e+000
3.390000000000000e+002 0.000000000000000e+000
3.400000000000000e+002 0.000000000000000e+000
3.410000000000000e+002 0.000000000000000e+000
3.420000000000000e+002 0.000000000000000e+000
3.430000000000000e+002 0.000000000000000e+000
3.440000000000000e+002 0.000000000000000e+000
3.450000000000000e+002 0.000000000000000e+000
3.460000000000000e+002 0.000000000000000e+000
3.470000000000000e+002 0.000000000000000e+000
3.480000000000000e+002 0.000000000000000e+000
3.490000000000000e+002 0.000000000000000e+000
3.500000000000000e+002 0.000000000000000e+000
3.510000000000000e+002 0.000000000000000e+000
3.520000000000000e+002 0.000000000000000e+000
3.530000000000000e+002 0.000000000000000e+000
3.540000000000000e+002 0.000000000000000e+000
